(base) nithyavardhanveerati@Nithyas-MacBook-Pro src %  cd "/Users/nithyavardhanveerati/Desktop/CSE 510 - DBMSI/Project/Phase II/minjava/javaminibase/src" ; /usr/bin/env /Library/Java/JavaVirtualMachines/jdk-15.0.2.jdk/Contents/Home/bin/java --enable-preview -XX:+ShowCodeDetailsInExceptionMessages -Dfile.encoding=UTF-8 -cp "/Users/nithyavardhanveerati/Library/Application Support/Code/User/workspaceStorage/03a6fd0365b41fffd06cdde3eb63d843/redhat.java/jdt_ws/src_5fb96b87/bin" skyline.tasknew 
/tmp/tasknewnithyavardhanveerati.minibase-db
Replacer: Clock

7308
//MINIBASE_SIZE=1024
----------------------------------DATA FILE 3--------------------------------------- 
n_pages = 10 and preference attributes = 1
1.9947114 1.9341563 1.7652137 1.9131573 1.9865717
Number of reads: 4592 
Number of writes: 3245 
n_pages = 5 and preference attributes = 1, 3
1.9947114 1.9341563 1.7652137 1.9131573 1.9865717
1.9919778 0.4977067 1.9944656 1.994362 0.8745691
1.9898192 0.017996876 1.9946159 1.4861575 1.993474
1.9299105 1.6537534 1.9947113 5.28994E-4 0.008315885
1.9946918 1.9810284 1.9774604 0.9946266 1.9621582
1.9946669 0.2401086 1.9887978 0.007253444 0.25535578
1.9947114 1.9341563 1.7652137 1.9131573 1.9865717
1.9803178 0.80985475 1.9946759 0.004538021 1.8455076
1.9930633 0.001287638 1.9940907 1.9339652 0.17165191
Number of reads: 13460 
Number of writes: 5979 
n_pages = 5 and preference attributes = 1, 3, 5
1.9947114 1.9341563 1.7652137 1.9131573 1.9865717
1.9919778 0.4977067 1.9944656 1.994362 0.8745691
1.9898192 0.017996876 1.9946159 1.4861575 1.993474
1.9299105 1.6537534 1.9947113 5.28994E-4 0.008315885
1.9946918 1.9810284 1.9774604 0.9946266 1.9621582
1.9946669 0.2401086 1.9887978 0.007253444 0.25535578
1.9947114 1.9341563 1.7652137 1.9131573 1.9865717
1.9803178 0.80985475 1.9946759 0.004538021 1.8455076
1.9930633 0.001287638 1.9940907 1.9339652 0.17165191
0.33686346 1.8443463 1.9883076 0.015902918 1.9940257
1.9003091 0.096019074 1.9946795 3.82118E-4 1.9858141
1.9933165 2.69861E-4 0.6077645 1.8465278 1.993744
1.9933392 7.68179E-4 0.08266086 2.47869E-4 1.994601
1.9932733 0.075113826 1.9537635 0.3108865 1.9932712
1.4005468 1.8612936 1.5818226 1.6340483 1.9939464
1.9853988 0.39705184 0.42873192 4.06011E-4 1.9937905
0.019160487 0.038606253 1.985293 0.13450621 1.9945266
1.994688 1.9833018 1.8438393 0.07144973 1.9833393
1.7819979 3.11787E-4 1.0106107 0.11521671 1.9942467
1.3753161 1.941096 1.7796396 1.978766 1.9944544
0.03367968 0.09936816 1.9943067 0.02522709 1.9943118
1.6847473 0.006890575 1.3239803 0.09794822 1.9941485
1.9919778 0.4977067 1.9944656 1.994362 0.8745691
0.11010513 1.2484317 1.994683 1.6271702 1.6755453
1.9898192 0.017996876 1.9946159 1.4861575 1.993474
1.5523028 0.006364647 1.9947017 1.798299 1.0669146
1.9299105 1.6537534 1.9947113 5.28994E-4 0.008315885
1.8775166 0.7254556 1.5356827 0.053665213 1.9941128
1.9946918 1.9810284 1.9774604 0.9946266 1.9621582
1.9946669 0.2401086 1.9887978 0.007253444 0.25535578
1.9813715 0.049064085 0.10806531 0.056124236 1.9947103
1.9947114 1.9341563 1.7652137 1.9131573 1.9865717
1.9946276 0.015976703 1.8050702 0.25881284 1.9934126
0.21273133 1.946188 1.6620739 1.9898585 1.9947113
0.4520968 0.002464672 1.9840055 0.009108528 1.9942144
1.9803178 0.80985475 1.9946759 0.004538021 1.8455076
1.9945443 1.0901064 1.988334 0.06988809 1.9793615
0.47506118 1.47122E-4 1.3264132 1.3618559 1.9946532
1.7589548 3.06795E-4 1.9947109 1.87265 0.50499797
0.07028422 1.9844478 1.9947066 0.014471135 1.2817774
0.001681824 8.58452E-5 1.9947113 0.34144223 0.08459773
0.25612158 1.9597008 1.9947023 4.0642E-4 0.6872998
1.7724322 0.22346473 0.66671425 1.8987119 1.9944668
1.3791883 0.080354325 0.12949623 0.021268222 1.9947114
1.9917742 0.7185604 1.9911569 1.974867 1.961675
1.9930633 0.001287638 1.9940907 1.9339652 0.17165191
0.51068765 1.7369776 1.9748837 0.00306781 1.9941552
Number of reads: 28787 
Number of writes: 6670 
n_pages = 5 and preference attributes = 1, 2, 3, 4, 5
1.9947114 1.9341563 1.7652137 1.9131573 1.9865717
1.9919778 0.4977067 1.9944656 1.994362 0.8745691
1.9898192 0.017996876 1.9946159 1.4861575 1.993474
1.9299105 1.6537534 1.9947113 5.28994E-4 0.008315885
1.9946918 1.9810284 1.9774604 0.9946266 1.9621582
1.9946669 0.2401086 1.9887978 0.007253444 0.25535578
1.9947114 1.9341563 1.7652137 1.9131573 1.9865717
1.9803178 0.80985475 1.9946759 0.004538021 1.8455076
1.9930633 0.001287638 1.9940907 1.9339652 0.17165191
0.33686346 1.8443463 1.9883076 0.015902918 1.9940257
1.9003091 0.096019074 1.9946795 3.82118E-4 1.9858141
1.9933165 2.69861E-4 0.6077645 1.8465278 1.993744
1.9933392 7.68179E-4 0.08266086 2.47869E-4 1.994601
1.9932733 0.075113826 1.9537635 0.3108865 1.9932712
1.4005468 1.8612936 1.5818226 1.6340483 1.9939464
1.9853988 0.39705184 0.42873192 4.06011E-4 1.9937905
0.019160487 0.038606253 1.985293 0.13450621 1.9945266
1.994688 1.9833018 1.8438393 0.07144973 1.9833393
1.7819979 3.11787E-4 1.0106107 0.11521671 1.9942467
1.3753161 1.941096 1.7796396 1.978766 1.9944544
0.03367968 0.09936816 1.9943067 0.02522709 1.9943118
1.6847473 0.006890575 1.3239803 0.09794822 1.9941485
1.9919778 0.4977067 1.9944656 1.994362 0.8745691
0.11010513 1.2484317 1.994683 1.6271702 1.6755453
1.9898192 0.017996876 1.9946159 1.4861575 1.993474
1.5523028 0.006364647 1.9947017 1.798299 1.0669146
1.9299105 1.6537534 1.9947113 5.28994E-4 0.008315885
1.8775166 0.7254556 1.5356827 0.053665213 1.9941128
1.9946918 1.9810284 1.9774604 0.9946266 1.9621582
1.9946669 0.2401086 1.9887978 0.007253444 0.25535578
1.9813715 0.049064085 0.10806531 0.056124236 1.9947103
1.9947114 1.9341563 1.7652137 1.9131573 1.9865717
1.9946276 0.015976703 1.8050702 0.25881284 1.9934126
0.21273133 1.946188 1.6620739 1.9898585 1.9947113
0.4520968 0.002464672 1.9840055 0.009108528 1.9942144
1.9803178 0.80985475 1.9946759 0.004538021 1.8455076
1.9945443 1.0901064 1.988334 0.06988809 1.9793615
0.47506118 1.47122E-4 1.3264132 1.3618559 1.9946532
1.7589548 3.06795E-4 1.9947109 1.87265 0.50499797
0.07028422 1.9844478 1.9947066 0.014471135 1.2817774
0.001681824 8.58452E-5 1.9947113 0.34144223 0.08459773
0.25612158 1.9597008 1.9947023 4.0642E-4 0.6872998
1.7724322 0.22346473 0.66671425 1.8987119 1.9944668
1.3791883 0.080354325 0.12949623 0.021268222 1.9947114
1.9917742 0.7185604 1.9911569 1.974867 1.961675
1.9930633 0.001287638 1.9940907 1.9339652 0.17165191
0.51068765 1.7369776 1.9748837 0.00306781 1.9941552
1.9942347 0.1960577 1.9303999 1.9929117 6.11855E-4
0.002931321 1.7331421 1.9943215 1.4055662 1.8063825
0.026460314 0.12628289 1.9777728 0.119725734 1.9876574
0.33686346 1.8443463 1.9883076 0.015902918 1.9940257
3.44898E-4 1.9929417 1.9920237 1.2738984 1.956789
1.9003091 0.096019074 1.9946795 3.82118E-4 1.9858141
1.9571533 1.3876086 0.71663404 1.9941099 1.2586362
0.006405323 0.00116134 1.9305997 1.5208617 1.9895898
0.057711277 1.994215 1.9945817 0.00470516 1.4287591
0.012961443 0.038407974 1.8523831 0.6390607 1.9941936
0.13355069 5.46733E-4 0.052184444 1.9947112 0.68209535
1.9939736 1.791905 1.3386087 1.9816957 0.026683569
1.4967908 1.7528919 1.9540073 0.09730043 1.9923524
1.9500432 1.860699 0.002126233 0.7775817 1.993745
1.8864963 1.989102 1.9435655 0.031312443 0.03322109
1.7738303 0.041738346 1.9783132 1.0631459 1.9896536
1.9736042 1.9945045 0.027991893 0.020952227 0.5666145
0.47218794 1.9946721 1.8890826 1.8491896 1.8365058
0.005078108 1.94063E-4 1.7731267 1.8014932 1.9944581
1.9350442 1.9362473 0.022517012 1.9941585 1.9351367
0.08157503 1.9946016 0.1291547 1.9635148 1.8967509
1.9910536 0.7612491 1.9942409 7.83337E-4 0.07191174
1.9933165 2.69861E-4 0.6077645 1.8465278 1.993744
1.8793765 1.9756048 1.9867748 1.6072923 0.049436074
1.9933392 7.68179E-4 0.08266086 2.47869E-4 1.994601
0.55744725 0.99959874 1.9946588 0.08629466 0.5029296
0.003136879 0.20238787 1.9018761 1.1605862 1.99353
1.04507E-4 1.8857667 1.9624765 1.7684755 1.9910376
1.9945729 0.23842783 0.5266515 1.9892031 3.5276E-4
1.9774718 1.9941949 1.6344419 1.4939857 0.323848
1.5851275 1.9509457 1.7824572 1.9944972 1.985444
1.9932733 0.075113826 1.9537635 0.3108865 1.9932712
1.9934119 1.92596 1.6614277 1.9939885 1.9364419
1.4005468 1.8612936 1.5818226 1.6340483 1.9939464
1.4764148 1.8277429 1.9943601 8.69041E-5 0.9821648
0.3643501 1.4358604 1.994094 1.9566023 1.8476323
1.9143809 1.9945341 2.14451E-4 1.7097723 1.9039447
0.010246937 0.052953776 0.63115233 1.9908922 1.9934478
1.9853988 0.39705184 0.42873192 4.06011E-4 1.9937905
0.019160487 0.038606253 1.985293 0.13450621 1.9945266
0.23946856 1.8246828 1.9941325 0.09536978 0.37216341
1.79355E-4 0.03492264 0.580995 1.994711 0.010383384
0.7970674 0.6064615 0.7938098 1.9947041 0.00873107
1.9927638 7.12193E-4 0.001813928 1.7954168 1.9925762
1.7829397 1.1681328 1.9944211 1.6238534 1.1339046
1.9697087 1.9941186 0.6937108 1.8232524 1.7117943
1.9759152 0.002528084 0.08148867 1.5935607 1.9943357
1.9924976 1.8522639 1.8432174 1.9921274 0.79826945
1.9945341 0.020915074 1.942845 1.9946297 8.18673E-4
1.994688 1.9833018 1.8438393 0.07144973 1.9833393
1.9938161 0.107440114 1.9790903 0.39976826 0.009384412
1.9748584 1.7416791 1.9753232 1.1739782 0.001908164
1.969219 0.060257923 1.8837533 1.9762765 1.950758
1.30008E-4 1.0678724 1.9559985 1.9909742 1.9242983
1.9792111 1.3786752 1.9179305 1.976932 0.18464212
1.616235 0.11095706 1.992668 0.12752047 1.777627
0.13082324 0.071193896 1.9928733 0.04283576 1.928295
0.04688211 1.9727827 1.61139E-4 1.9807265 1.9943166
1.679058 1.3384873 1.6671376 1.990649 1.9721668
1.9135026 1.8898557 1.9919466 1.3719677 1.7792728
1.9937605 0.6363164 1.9861708 0.53335994 0.05367244
1.513586 1.597075 0.32442063 1.9872086 1.989308
0.033404116 1.9724691 1.9941674 0.4172982 1.9597602
1.7730329 1.9923179 1.9743464 4.29929E-4 1.877281
1.7819979 3.11787E-4 1.0106107 0.11521671 1.9942467
3.36772E-4 0.87819856 1.9946742 0.65654093 1.8346568
1.1667321 1.7939719 1.946836 1.9834112 1.986805
1.3753161 1.941096 1.7796396 1.978766 1.9944544
0.032439128 0.03329577 1.9943134 0.012290243 1.9562188
0.03367968 0.09936816 1.9943067 0.02522709 1.9943118
1.987467 1.9634454 0.22224428 1.9489373 1.208988
0.7735804 1.9896562 1.9847568 1.9851713 1.111653
0.002067345 0.34462246 1.9947042 0.024215555 0.6583265
0.012236566 1.9273748 0.73568314 1.9947006 1.9887185
0.4794138 1.9945652 1.3736856 0.012090082 1.6829151
1.6847473 0.006890575 1.3239803 0.09794822 1.9941485
1.9919778 0.4977067 1.9944656 1.994362 0.8745691
0.7985798 1.9861908 1.6510007 2.36853E-4 1.9939009
0.02936766 0.32834992 1.9946942 1.9863238 1.63987E-4
1.9883037 1.4840162 1.920591 1.8423494 0.039256923
1.9947104 1.16944E-4 3.1971E-4 1.9825689 0.31650642
1.2888893 1.9436411 1.9939914 0.15009788 0.1763487
1.7960694 1.9930862 0.03254413 1.3994132 1.9018863
1.9812858 1.9846727 0.48236766 1.973492 0.062241834
1.7705109 1.915601 1.9717652 0.06740137 1.9713049
0.11010513 1.2484317 1.994683 1.6271702 1.6755453
0.3063795 1.9946967 1.9517716 0.38180673 1.9613607
0.3146938 1.9927841 0.13230178 0.03330454 1.9945469
1.9898192 0.017996876 1.9946159 1.4861575 1.993474
1.8763818 1.7878466 1.9931517 0.004709477 1.8157594
1.5523028 0.006364647 1.9947017 1.798299 1.0669146
0.35969898 0.912838 1.9941707 1.9947071 0.006614956
0.016840858 1.2595215 6.48123E-4 1.9947064 0.15739164
0.29111028 1.58188E-4 1.9562573 1.9945564 1.8367099
1.9206642 1.9724889 1.9893738 1.9924341 1.0783244
0.13831803 1.9918389 0.015532329 1.8933076 1.9941062
1.9945682 1.420731 0.049478564 0.7819516 1.9932691
1.0310317 1.6970396 0.004228135 1.9647633 1.9945006
0.065823145 1.3320165 1.9929835 0.023647143 1.9116338
0.77181005 0.5025512 1.9944036 1.9427558 4.26604E-4
0.098097704 1.9921026 0.020249434 1.9852026 1.9101807
1.9234341 1.9863795 0.005591005 1.9477412 1.9815983
0.89146876 1.9947114 0.041937295 1.9541403 5.18279E-4
0.67302233 1.9947051 0.5046998 1.9863058 0.334084
1.9059403 1.071189 1.9434721 0.007651216 1.9824849
1.8263044 0.9440169 1.8782026 1.9942417 1.7269557
0.04120392 1.9938873 1.7533147 1.9850299 1.9932783
1.9828411 1.9294175 1.9667069 1.7210823 0.030340953
1.9223999 1.9941096 1.1312549 0.002089338 1.1890417
1.9451134 0.002876256 0.002458164 1.3338466 1.993857
1.9629638 1.9801235 0.001779679 8.29647E-4 1.9943486
1.9752607 1.9271361 1.9192181 1.914958 1.9004593
1.9299105 1.6537534 1.9947113 5.28994E-4 0.008315885
8.44804E-4 1.9840772 1.2991567 1.9885232 1.9334126
1.457702 0.15346077 1.9945143 0.020287309 0.5539436
1.9053404 1.9940456 1.863674 0.27839217 9.57709E-5
1.7861027 0.6991023 1.17767E-4 1.7345091 1.9934648
1.6860051 1.9640094 0.5375075 1.116584 1.9323629
1.9656159 1.988041 1.960568 1.7373294 0.0950008
0.3211718 1.9082961 0.02121853 1.983054 1.9936992
7.15394E-4 1.9945507 1.8529222 0.001789391 1.9941646
1.8775166 0.7254556 1.5356827 0.053665213 1.9941128
1.9778223 1.114639 1.9581035 1.9769963 1.9047235
1.824444 0.8171258 1.9241841 1.9858415 1.9930756
0.79874605 0.018866552 1.9934949 1.898473 1.1021328
1.9946918 1.9810284 1.9774604 0.9946266 1.9621582
0.002316171 1.9947102 1.5202668 1.9514325 1.9201512
1.63179E-4 0.008112698 1.9688947 1.9945891 0.1610565
1.02646E-4 1.9939781 0.081584245 1.9730732 1.3518404
1.5295271 1.7537867 0.8769785 0.30895615 1.9877948
1.9772708 0.74287206 0.445898 1.9946966 1.9881455
1.8809787 1.3074385 3.08259E-4 1.9946812 0.090285726
0.0326227 1.9624068 1.9943973 6.05389E-4 1.567598
1.9945954 0.90192795 1.9628221 1.9876213 1.828623
9.46221E-5 1.9444904 1.9945246 0.001242419 1.9888572
4.7087E-4 1.7021523 1.7984294 1.2540762 1.9941052
1.9946669 0.2401086 1.9887978 0.007253444 0.25535578
1.9785638 1.8757169 1.1603383 0.055241268 1.9933584
1.9813715 0.049064085 0.10806531 0.056124236 1.9947103
1.9382973 0.30799362 1.8569782 1.994697 1.9820718
1.9833612 0.0016504 0.021419533 1.9538077 1.992095
1.0023E-4 1.9660923 1.7389141 1.9878987 1.5703487
0.024901059 1.994585 1.9335881 1.5195695 1.9880606
1.9947114 1.9341563 1.7652137 1.9131573 1.9865717
1.9933407 1.99263 1.9356234 0.16235301 0.021458142
1.9913853 0.4658557 1.8289117 5.25537E-4 1.992549
1.9946668 1.8903766 4.08199E-4 1.992011 1.4750181
1.956317 1.655646 1.981901 1.9855359 1.9775232
0.048105363 1.9937451 2.35922E-4 1.9893655 0.93416953
1.798451 1.7536837 1.9847399 1.6348424 1.1524425
1.9909487 1.9485195 0.003152447 0.99360335 1.9930466
1.2586441 1.990503 0.6036438 0.030423412 1.9890518
1.465847 1.7989182 4.75722E-4 1.9046195 1.9922197
1.6799837 1.797647 1.986243 1.933179 1.9277158
1.9856837 0.005147259 1.9945271 1.6259804 0.018993828
1.9912522 0.94521934 1.9677147 1.9836005 1.8608282
1.8413928 1.9858321 0.5114683 1.6972934 1.9607593
1.9946276 0.015976703 1.8050702 0.25881284 1.9934126
0.08515393 8.57904E-5 1.7440271 1.9939166 1.9889231
1.8262249 1.9749542 1.9643602 0.12719709 1.9655925
0.39816442 1.7975467 1.9935703 1.3846426 1.8445004
1.9932225 1.99029 0.00259991 1.9640319 0.34443238
0.97611994 0.15624379 1.606295 1.9947026 0.008293638
1.6594139 1.7696612 1.1989449 0.571 1.987102
1.9140401 1.3557377 1.9873589 0.054425407 1.7732092
1.9752413 1.837112 0.00598159 1.994153 0.018711517
1.690779 0.91115427 0.8526846 0.18006472 1.9919972
1.9437847 1.9858162 0.66837615 1.9629573 0.6547122
0.18891849 0.8281593 1.9931153 0.013442618 1.9271868
1.4983579 1.8697258 0.74040157 1.9946841 0.13595763
0.7249366 1.9689078 1.9743421 0.002007626 1.9809724
1.0845201 1.9042115 0.022031642 1.9928632 1.987656
2.05976E-4 1.7862009 1.8703183 0.10318568 1.993533
0.8798967 1.9900208 0.003336284 1.902239 1.9935888
1.9788687 1.1348352 1.9351683 1.9859251 1.7372519
1.9862523 1.1168897 2.51083E-4 1.940139 1.9441037
1.9644728 1.5731106 1.9085497 1.9939549 0.16622324
0.19785926 1.97494 1.9946628 0.015944459 8.94665E-5
0.11706131 0.588633 1.4917583 1.9946963 0.82287294
1.9694196 1.9946897 0.015905747 2.48552E-4 1.7076495
1.8940822 1.8768201 0.6221192 0.27915615 1.9929463
1.9938209 1.987198 1.9619032 1.8020852 1.850491
0.099686615 1.9910775 1.07248E-4 1.9489195 1.9728762
1.9937619 1.993452 0.005285454 1.2928567 0.5035018
1.9804733 1.7729738 1.8771831 1.9838859 1.7202662
1.954549 0.068803936 1.8372753 1.343923 1.9920374
0.5771533 1.9579808 0.40704098 1.9945862 0.026628284
0.21273133 1.946188 1.6620739 1.9898585 1.9947113
1.9921376 1.8432333 0.24696633 0.010245285 1.9880593
1.9945667 0.008629914 1.5756804 1.9520167 1.9860357
1.7025E-4 0.001306075 1.9945463 1.9447389 1.0282688
1.7504617 1.9946028 1.9439217 0.7648498 1.21007
0.009873871 1.9938697 1.4943343 0.4565699 1.9936751
1.9947038 1.994709 1.2202215 0.002380993 1.0944579
1.985143 1.9862726 0.43747646 1.9527234 3.54045E-4
0.4520968 0.002464672 1.9840055 0.009108528 1.9942144
1.7980078 1.9863031 1.8374976 0.4890965 1.9100223
1.9803178 0.80985475 1.9946759 0.004538021 1.8455076
1.9945443 1.0901064 1.988334 0.06988809 1.9793615
1.9945891 1.9507886 1.1809548 1.0675035 0.04055337
1.4458333 1.9936454 0.31793138 1.9212756 1.9929187
0.47506118 1.47122E-4 1.3264132 1.3618559 1.9946532
1.9935162 1.9939808 0.005956613 0.030252224 5.34496E-4
8.3507E-4 1.9863673 0.32909313 1.9923767 1.8001716
1.9148347 1.8825548 0.044929937 0.35797697 1.9942974
1.9838779 1.558162 1.9944924 1.2563195 0.008137475
1.8206512 1.9920701 1.9618872 1.7252493 0.9667502
1.4268807 1.9865168 1.99047 1.9675337 1.9795928
1.7589548 3.06795E-4 1.9947109 1.87265 0.50499797
0.5707325 0.16936167 1.9947016 0.11928767 1.71244E-4
0.82327604 1.2787753 1.9600679 0.08814856 1.9812437
0.9926545 0.00366739 1.9929051 1.5511252 1.6747072
1.9737748 0.025453368 0.007532873 1.9816055 1.989002
0.07028422 1.9844478 1.9947066 0.014471135 1.2817774
1.9862747 6.96844E-4 0.001771222 1.9908617 1.9654741
1.9941466 0.24374303 1.19957E-4 1.9681104 1.9821392
1.9072056 1.8205028 0.001157281 1.0926808 1.9945364
0.5914179 1.9947095 1.3597065 1.8098785 1.9468263
1.9920865 0.002867514 0.44573483 1.2142239 1.9925525
1.9945234 0.030778393 0.7295099 1.993565 0.006163131
0.001681824 8.58452E-5 1.9947113 0.34144223 0.08459773
0.21228413 0.40891385 1.7111037 1.9932879 1.9875935
1.8712735 1.9946928 1.993963 1.9945647 0.7706291
0.00415466 0.7739378 1.8308314 1.9362417 1.9937038
1.9735422 1.9527798 1.9008495 1.9849608 0.02424129
0.027794857 1.994382 1.9946735 1.9939317 0.29538804
1.9643017 1.9943928 0.013205089 1.9725859 0.048673827
0.001708824 1.9928869 1.9946458 0.006530726 0.87137985
0.04599711 1.9878125 1.9273444 0.6897703 1.3621229
0.8584335 1.9944522 1.9795247 0.017960483 1.2371887
1.994124 1.3050268 1.9123108 1.7484808 1.8584358
0.25612158 1.9597008 1.9947023 4.0642E-4 0.6872998
0.7869098 0.059367426 1.9894233 0.002600386 1.9928281
1.9860332 0.00193303 0.9325277 1.987576 1.9404539
1.7897242 1.84188E-4 1.9946319 1.0894231 0.005927531
0.006837292 1.2338102 1.9940786 0.09338001 1.9670945
0.10710345 0.092649594 1.9785254 1.994677 0.14091511
0.040279318 1.9947112 0.01330828 0.06696014 1.9868934
0.5332067 1.806793 0.001426398 1.9714476 1.9945765
1.8370374 1.9940573 1.23282E-4 1.9483248 0.8120931
1.9814235 1.9909335 0.2641171 1.9895575 1.7396586
0.03956882 1.9946499 1.2427742 0.09036387 1.9668863
1.2747414 1.9945735 1.8874583 1.9868646 1.2791263
1.7724322 0.22346473 0.66671425 1.8987119 1.9944668
1.9946417 1.9910605 1.57816E-4 0.19273074 0.02386132
1.9943404 1.9904312 9.27124E-4 0.019696403 1.99833E-4
1.3791883 0.080354325 0.12949623 0.021268222 1.9947114
1.9917742 0.7185604 1.9911569 1.974867 1.961675
1.0068595 1.9940186 0.08798539 1.5899407 1.9941239
0.014319408 0.00650339 1.9413335 1.9929944 1.9276297
1.8034182 1.210856 0.029229632 1.9918135 1.9828846
1.8001337 1.9493792 1.9944738 0.002008794 0.968895
0.004316536 0.005103055 0.006015787 1.9947085 0.007185511
1.9945326 1.9702 1.7552313 1.1845353 1.8993578
0.38281065 1.9941995 1.7831326 2.23895E-4 1.9300308
1.7188618 1.9890813 1.5188646 1.9005129 1.7781447
1.9141369 0.10930779 0.001120468 1.9576671 1.9943626
1.9901391 1.9947011 0.09200561 1.9661645 1.32632E-4
1.9864422 0.009905491 0.017092725 1.9886183 1.9758884
1.9930633 0.001287638 1.9940907 1.9339652 0.17165191
1.944279 0.46080875 1.9466034 1.9924836 1.9596081
1.7751482 1.5993419 0.007220685 0.020000648 1.9944047
1.9073534 1.1398298 0.034948852 1.8917071 1.9900154
1.9178526 0.85980195 1.9917699 1.9944236 1.8047941
1.6916279 0.04238234 0.07041636 1.9426382 1.9937067
1.29573E-4 1.986521 0.007625714 1.9902786 1.9146382
0.005617584 1.1774815 1.9287795 1.9867376 1.520634
0.51068765 1.7369776 1.9748837 0.00306781 1.9941552
1.9947063 0.0398755 1.2051195 1.9460968 0.7179495
1.8810127 0.281538 1.3822659 1.9906805 1.9930226
1.9604083 1.5657306 1.9869288 0.7894065 1.9055825
0.78965634 0.0437806 1.9941299 6.89035E-4 1.9567114
0.021759018 1.9375154 1.9943671 0.017237416 1.9857237
0.14557901 1.969963 1.9945368 6.76983E-4 1.3107092
0.18852362 1.9836802 1.994385 0.025212782 0.01601485
1.8973148 6.65464E-4 0.071010925 1.9872766 1.9945542
0.12582599 0.02624583 1.9821737 1.1483431 1.9915049
0.4825303 1.8799868 1.9879841 1.17618E-4 1.9847068
Number of reads: 166252 
Number of writes: 6702 
----------------------------------DATA FILE 2--------------------------------------- 
n_pages = 5 and preference attributes = 1
0.9998925 0.20947415 0.1958033 0.61646307 0.5625772
Number of reads: 4631 
Number of writes: 3325 
n_pages = 5 and preference attributes = 1, 3
0.9998925 0.20947415 0.1958033 0.61646307 0.5625772
0.9975641 0.84071594 0.85829467 0.31339455 0.06073296
0.9998925 0.20947415 0.1958033 0.61646307 0.5625772
0.99180776 0.22053482 0.95309716 0.10398359 0.26274002
0.98708826 0.13729031 0.99435824 0.44685265 0.9752482
0.9957299 0.6199901 0.92249244 0.98760515 0.96189016
0.14200076 0.78514045 0.9999666 0.8090892 0.8927167
0.9998579 0.8219615 0.57292664 0.04314016 0.5597159
0.99980634 0.95649004 0.7833579 0.13335928 0.5103307
0.9901819 0.69889724 0.95972 0.14031027 0.12012415
0.4421667 0.930647 0.99993217 0.07095342 0.36974573
0.999415 0.6640089 0.80797565 0.39212787 0.4309363
0.9656829 0.7260899 0.9973408 0.2345885 0.92701083
0.9370043 0.60561466 0.9998168 0.093648046 0.57033765
Number of reads: 16357 
Number of writes: 5452 
n_pages = 5 and preference attributes = 1, 3, 5
0.9998925 0.20947415 0.1958033 0.61646307 0.5625772
0.9975641 0.84071594 0.85829467 0.31339455 0.06073296
0.9998925 0.20947415 0.1958033 0.61646307 0.5625772
0.99180776 0.22053482 0.95309716 0.10398359 0.26274002
0.98708826 0.13729031 0.99435824 0.44685265 0.9752482
0.9957299 0.6199901 0.92249244 0.98760515 0.96189016
0.14200076 0.78514045 0.9999666 0.8090892 0.8927167
0.9998579 0.8219615 0.57292664 0.04314016 0.5597159
0.99980634 0.95649004 0.7833579 0.13335928 0.5103307
0.9901819 0.69889724 0.95972 0.14031027 0.12012415
0.4421667 0.930647 0.99993217 0.07095342 0.36974573
0.999415 0.6640089 0.80797565 0.39212787 0.4309363
0.9656829 0.7260899 0.9973408 0.2345885 0.92701083
0.9370043 0.60561466 0.9998168 0.093648046 0.57033765
0.7089701 9.2595E-4 0.987526 0.33185026 0.9870451
0.9975641 0.84071594 0.85829467 0.31339455 0.06073296
0.9998925 0.20947415 0.1958033 0.61646307 0.5625772
0.99180776 0.22053482 0.95309716 0.10398359 0.26274002
0.6225315 0.38173902 0.9879166 0.9433805 0.9986909
0.9848432 0.28334767 0.5460003 0.4276552 0.98376626
0.23756865 0.6947887 0.9991964 0.124534175 0.88328934
0.76150554 0.5504325 0.9436155 0.8759294 0.98047525
0.98708826 0.13729031 0.99435824 0.44685265 0.9752482
0.94203264 0.9067438 0.90418655 0.7571448 0.9987836
0.9957299 0.6199901 0.92249244 0.98760515 0.96189016
0.384955 0.5740811 0.99970865 0.99186885 0.81706715
0.14200076 0.78514045 0.9999666 0.8090892 0.8927167
0.9998579 0.8219615 0.57292664 0.04314016 0.5597159
0.99980634 0.95649004 0.7833579 0.13335928 0.5103307
0.9901819 0.69889724 0.95972 0.14031027 0.12012415
0.9989484 0.85547984 0.22976473 0.51177144 0.9275965
0.4421667 0.930647 0.99993217 0.07095342 0.36974573
0.9888096 0.53648895 0.9570051 0.23460664 0.28220218
0.9997589 0.29311717 0.6055048 0.01907564 0.81653875
0.9883184 0.055401657 0.94632214 0.21141206 0.3068386
0.99986243 0.9743307 0.19483182 0.89251196 0.67169213
0.41495714 0.13207844 0.99969745 0.9277272 0.66440606
0.9988749 0.5913068 0.38747892 0.99969274 0.97423244
0.97549653 0.249826 0.68249357 0.043953672 0.9897363
0.9928217 0.9408998 0.33964488 0.13300762 0.99966043
0.9881781 0.80462676 0.9372957 0.37766197 0.89595157
0.999415 0.6640089 0.80797565 0.39212787 0.4309363
0.9967483 0.78824556 0.720517 0.14381592 0.82691807
0.9970307 0.10120916 0.37572125 0.32593718 0.9767298
0.99742925 0.68536663 0.73551404 0.7159052 0.5221921
0.80520535 0.36506498 0.99776924 0.94463193 0.899192
0.946342 0.45796007 0.9090362 0.6341921 0.9947647
0.9497134 0.49518436 0.7881227 0.30423793 0.9921351
0.26914698 0.5740901 0.9990071 0.6482106 0.9885787
0.8814461 0.45350638 0.72650737 0.66661024 0.9994835
0.9697621 0.8600493 0.7665046 0.049507428 0.9904827
0.96982443 0.41269198 0.93160015 0.7179641 0.981275
0.9656829 0.7260899 0.9973408 0.2345885 0.92701083
0.8642355 0.48917818 0.93171155 0.987756 0.99492323
0.9644156 0.7883488 0.49815324 0.24491884 0.9926266
0.5426763 0.75930625 0.99756956 0.79626185 0.9654939
0.9370043 0.60561466 0.9998168 0.093648046 0.57033765
Number of reads: 32990 
Number of writes: 6090 
n_pages = 5 and preference attributes = 1, 2, 3, 4, 5
0.9998925 0.20947415 0.1958033 0.61646307 0.5625772
0.9975641 0.84071594 0.85829467 0.31339455 0.06073296
0.9998925 0.20947415 0.1958033 0.61646307 0.5625772
0.99180776 0.22053482 0.95309716 0.10398359 0.26274002
0.98708826 0.13729031 0.99435824 0.44685265 0.9752482
0.9957299 0.6199901 0.92249244 0.98760515 0.96189016
0.14200076 0.78514045 0.9999666 0.8090892 0.8927167
0.9998579 0.8219615 0.57292664 0.04314016 0.5597159
0.99980634 0.95649004 0.7833579 0.13335928 0.5103307
0.9901819 0.69889724 0.95972 0.14031027 0.12012415
0.4421667 0.930647 0.99993217 0.07095342 0.36974573
0.999415 0.6640089 0.80797565 0.39212787 0.4309363
0.9656829 0.7260899 0.9973408 0.2345885 0.92701083
0.9370043 0.60561466 0.9998168 0.093648046 0.57033765
0.7089701 9.2595E-4 0.987526 0.33185026 0.9870451
0.9975641 0.84071594 0.85829467 0.31339455 0.06073296
0.9998925 0.20947415 0.1958033 0.61646307 0.5625772
0.99180776 0.22053482 0.95309716 0.10398359 0.26274002
0.6225315 0.38173902 0.9879166 0.9433805 0.9986909
0.9848432 0.28334767 0.5460003 0.4276552 0.98376626
0.23756865 0.6947887 0.9991964 0.124534175 0.88328934
0.76150554 0.5504325 0.9436155 0.8759294 0.98047525
0.98708826 0.13729031 0.99435824 0.44685265 0.9752482
0.94203264 0.9067438 0.90418655 0.7571448 0.9987836
0.9957299 0.6199901 0.92249244 0.98760515 0.96189016
0.384955 0.5740811 0.99970865 0.99186885 0.81706715
0.14200076 0.78514045 0.9999666 0.8090892 0.8927167
0.9998579 0.8219615 0.57292664 0.04314016 0.5597159
0.99980634 0.95649004 0.7833579 0.13335928 0.5103307
0.9901819 0.69889724 0.95972 0.14031027 0.12012415
0.9989484 0.85547984 0.22976473 0.51177144 0.9275965
0.4421667 0.930647 0.99993217 0.07095342 0.36974573
0.9888096 0.53648895 0.9570051 0.23460664 0.28220218
0.9997589 0.29311717 0.6055048 0.01907564 0.81653875
0.9883184 0.055401657 0.94632214 0.21141206 0.3068386
0.99986243 0.9743307 0.19483182 0.89251196 0.67169213
0.41495714 0.13207844 0.99969745 0.9277272 0.66440606
0.9988749 0.5913068 0.38747892 0.99969274 0.97423244
0.97549653 0.249826 0.68249357 0.043953672 0.9897363
0.9928217 0.9408998 0.33964488 0.13300762 0.99966043
0.9881781 0.80462676 0.9372957 0.37766197 0.89595157
0.999415 0.6640089 0.80797565 0.39212787 0.4309363
0.9967483 0.78824556 0.720517 0.14381592 0.82691807
0.9970307 0.10120916 0.37572125 0.32593718 0.9767298
0.99742925 0.68536663 0.73551404 0.7159052 0.5221921
0.80520535 0.36506498 0.99776924 0.94463193 0.899192
0.946342 0.45796007 0.9090362 0.6341921 0.9947647
0.9497134 0.49518436 0.7881227 0.30423793 0.9921351
0.26914698 0.5740901 0.9990071 0.6482106 0.9885787
0.8814461 0.45350638 0.72650737 0.66661024 0.9994835
0.9697621 0.8600493 0.7665046 0.049507428 0.9904827
0.96982443 0.41269198 0.93160015 0.7179641 0.981275
0.9656829 0.7260899 0.9973408 0.2345885 0.92701083
0.8642355 0.48917818 0.93171155 0.987756 0.99492323
0.9644156 0.7883488 0.49815324 0.24491884 0.9926266
0.5426763 0.75930625 0.99756956 0.79626185 0.9654939
0.9370043 0.60561466 0.9998168 0.093648046 0.57033765
0.1921747 0.9757665 0.76107615 0.15796244 0.89927024
0.6364275 0.48861662 0.99879646 0.5572434 0.32731423
0.70466936 0.9403925 0.9830997 0.61356413 0.022783495
0.9717874 0.8955715 0.841277 0.06919492 0.68612516
0.7089701 9.2595E-4 0.987526 0.33185026 0.9870451
0.39778107 0.52668726 0.9912248 0.8326551 0.85898054
0.1627258 0.43962735 0.9736114 0.7008431 0.99555403
0.9837895 0.63433033 0.81297183 0.50173724 0.5991625
0.10322736 0.8975975 0.8776953 0.84543854 0.95459706
0.31800458 0.13430469 0.75494576 0.99547756 0.63950825
0.45230323 0.5494767 0.67053807 0.9955176 0.809464
0.7001861 0.9956011 0.8175216 0.9983719 0.26911688
0.9925594 0.82951516 0.5454786 0.80016935 0.88648605
0.106678344 0.95113826 0.642761 0.9556067 0.8267614
0.9067009 0.4454616 0.99593717 0.5934119 0.90056396
0.4093436 0.9600781 0.98916143 0.19585843 0.8537637
0.4617403 0.3632005 0.89253527 0.99018276 0.44394287
0.4989342 0.9985859 0.92553085 0.6005418 0.1309317
0.5892542 0.38351572 0.93844706 0.94581395 0.73357064
0.087105714 0.39334875 0.8246011 0.992072 0.9773744
0.98856634 0.8091488 0.84279674 0.7703911 0.28597078
0.8551555 0.9963666 0.8030616 0.4109182 0.14050514
0.9909408 0.751634 0.79877377 0.7404645 0.59955883
0.935093 0.77994615 0.42130408 0.9992976 0.08894212
0.8874165 0.9690212 0.1042606 0.95960456 0.2208438
0.9066447 0.15492567 0.71263295 0.9960747 0.9964393
0.8248923 0.27663842 0.998572 0.46349728 0.5555243
0.4106833 0.6187697 0.95265996 0.8479941 0.8338684
0.51078063 0.99408454 0.5893658 0.6434441 0.41003108
0.79215604 0.9590136 0.05688304 0.7923807 0.98123854
0.9969242 0.20692547 0.59956545 0.06865005 0.622089
0.96189857 0.95392734 0.7522831 0.39391977 0.7271533
0.889109 0.909206 0.72432 0.87386775 0.3892038
0.7597483 0.31603524 0.8270105 0.9953126 0.3277168
0.15675019 0.99936503 0.91955405 0.09652574 0.8974628
0.3514031 0.9990387 0.08443438 0.56044316 0.60011774
0.94025147 0.013960211 0.4075759 0.96509767 0.9728706
0.7913049 0.4946847 0.8227753 0.9911002 0.46752396
0.1980309 0.98485607 0.3782189 0.08239914 0.94994044
0.89814144 0.64915884 0.98139495 0.48599946 0.8540753
0.6766405 0.97343695 0.24683487 0.44285867 0.9443584
0.9975641 0.84071594 0.85829467 0.31339455 0.06073296
0.63106936 0.7669047 0.98458743 0.9173639 0.8005719
0.86447287 0.36400065 0.97364014 0.58889943 0.92188394
0.5471077 0.3606302 0.9555259 0.99044144 0.28944916
0.22018565 0.86799264 0.9533058 0.58546865 0.9984361
0.48260298 0.97504723 0.92854303 0.6784601 0.9778032
0.91714144 0.91086936 0.8163411 0.8357019 0.9910635
0.67951584 0.614438 0.4316127 0.8705496 0.9981271
0.297182 0.5722898 0.017905429 0.8809776 0.99409986
0.8737455 0.3941378 0.90360874 0.8515664 0.9863089
0.9538844 0.8438924 0.9408423 0.3368166 0.55994385
0.14815101 0.9871748 0.98098075 0.9507661 0.597241
0.7323446 0.9462727 0.082459845 0.9936197 0.37427813
0.4459658 0.8265362 0.6196991 0.9627476 0.9810349
0.93182856 0.83267844 0.15249377 0.9976982 0.10019332
0.9503612 0.9115556 0.020556403 0.9310541 0.92479575
0.9998925 0.20947415 0.1958033 0.61646307 0.5625772
0.20671092 0.99683213 0.5348071 0.9074603 0.45192558
0.84020185 0.9902803 0.46825957 0.96364164 0.17063835
0.99180776 0.22053482 0.95309716 0.10398359 0.26274002
0.8606808 0.9495087 0.9131141 0.9640792 0.9488673
0.6225315 0.38173902 0.9879166 0.9433805 0.9986909
0.34793544 0.96576923 0.7539507 0.77093697 0.9087489
0.6898644 0.94958705 0.8859739 0.06076631 0.849912
0.47604066 0.9876796 0.41322592 0.91268176 0.73811144
0.9848432 0.28334767 0.5460003 0.4276552 0.98376626
0.78989184 0.97484475 0.8508676 0.920901 0.5711228
0.44984826 0.7699516 0.9922794 0.88191056 0.07802655
0.9993328 0.0878997 0.3441044 0.82917845 0.36163157
0.1754726 0.99735296 0.2016303 0.6296204 0.61259294
0.47322455 0.5058743 0.9121311 0.98584384 0.9874233
0.9073223 0.31180945 0.22323275 0.83585906 0.9792301
0.046870332 0.56485194 0.6928769 0.9036031 0.97663885
0.8914099 0.96165746 0.99572664 0.6090717 0.34655368
0.1689388 0.7665952 0.8780488 0.9233133 0.96084875
0.23756865 0.6947887 0.9991964 0.124534175 0.88328934
0.76150554 0.5504325 0.9436155 0.8759294 0.98047525
0.83815956 0.98229915 0.086252056 0.07755062 0.95529294
0.5183399 0.8892846 0.90567935 0.996271 0.32918066
0.9552203 0.31522384 0.9512274 0.96446437 0.065423615
0.98708826 0.13729031 0.99435824 0.44685265 0.9752482
0.9094346 0.97562003 0.29216135 0.9348379 0.11621087
0.997631 0.76341736 0.2738601 0.8364695 0.7556719
0.8544037 0.30748272 0.96807176 0.8693265 0.3081903
0.10679944 0.60162 0.9892895 0.93469447 0.6817377
0.2486649 0.9862893 0.21918966 0.11576767 0.9706009
0.42689958 0.97630054 0.96475124 0.9818733 0.22965437
0.916327 0.91939 0.99245965 0.7150791 0.00360215
0.9769587 0.9667599 0.9674006 0.38634738 0.09455506
0.9840241 0.23745379 0.008228229 0.48064232 0.97915745
0.692837 0.51601833 0.7870743 0.99340343 0.37539458
0.9216089 0.9972337 0.46465528 0.90239245 0.930688
0.37362272 0.7596866 0.9925921 0.57431185 0.95030934
0.8883848 0.027998714 0.9971235 0.2933171 0.4852437
0.99687886 0.9237055 0.15270701 0.47610494 0.9168804
0.7517725 0.9521262 0.2355126 0.97738934 0.6662836
0.94203264 0.9067438 0.90418655 0.7571448 0.9987836
0.9580205 0.86073697 0.3871561 0.91255236 0.7016134
0.9154204 0.9920307 0.8069568 0.7667327 0.55417454
0.42952272 0.2683231 0.00730993 0.99999934 0.93318105
0.3361386 0.48278773 0.9769251 0.9668988 0.876646
0.9652418 0.77338153 0.9630031 0.58196944 0.3626806
0.07930835 0.7063469 0.7782158 0.8959813 0.982774
0.8859984 0.8759725 0.31365228 0.9693494 0.91790575
0.9957299 0.6199901 0.92249244 0.98760515 0.96189016
0.5334563 0.64109164 0.9827826 0.8331677 0.9330124
0.99818945 0.40673956 0.6689799 0.86772436 0.08125538
0.96302325 0.13255675 0.59931844 0.98796237 0.66027063
0.9926852 0.7876183 0.31713924 0.63247633 0.762486
0.24315476 0.9990814 0.43290284 0.8921228 0.35653618
0.98375404 0.03796027 0.9631906 0.7664402 0.7834405
0.30976316 0.9138834 0.5235663 0.9902076 0.94032925
0.8960401 0.92882085 0.45090342 0.9974437 0.29011387
0.93665254 0.99989814 0.5648466 0.8665441 0.5968589
0.384955 0.5740811 0.99970865 0.99186885 0.81706715
0.393553 0.9851114 0.963278 0.96320784 0.69956946
0.70287925 0.9949094 0.93132436 0.35426217 0.3940278
0.99443793 0.8469429 0.009320574 0.79956496 0.7949708
0.14200076 0.78514045 0.9999666 0.8090892 0.8927167
0.69954026 0.87681085 0.7752319 0.9897984 0.6338647
0.53014886 0.91316706 0.45820087 0.9677331 0.48480147
0.57851183 0.9975375 0.90139246 0.7507743 0.18058483
0.99951285 0.15624727 0.2673849 0.25574085 0.120045014
0.9514216 0.6647262 0.6184157 0.98543644 0.28873137
0.9883988 0.94362515 0.59874576 0.92670995 0.47152862
0.471101 0.8383113 0.9917539 0.46943396 0.9451574
0.7861086 0.6180918 0.98635787 0.8913395 0.6212303
0.71881855 0.9861596 0.5913776 0.88018405 0.33456534
0.959992 0.85243773 0.5411134 0.73035663 0.6253543
0.7852533 0.94841164 0.8417521 0.4813071 0.98034346
0.9885511 0.91755396 0.6919035 0.1764038 0.8012239
0.4114199 0.26217222 0.1927422 0.99990875 0.2169857
0.39049527 0.99929255 0.7509413 0.15951402 0.17209512
0.77590317 0.9706299 0.9800715 0.14845848 0.27901104
0.2518815 0.4749228 0.44689474 0.99959385 0.43939126
0.9708559 0.44557962 0.16838105 0.4939839 0.9977074
0.71589386 0.4878127 0.9602081 0.19681324 0.93359464
0.9833366 0.99281085 0.7801744 0.29129866 0.89803135
0.988081 0.9713805 0.3235357 0.6920905 0.9589553
0.56422967 0.6444924 0.6430807 0.99605805 0.34461528
0.33329022 0.99969447 0.75165033 0.90393597 0.007120363
0.9969169 0.32388517 0.6796487 0.87893754 0.32806328
0.6236624 0.866952 0.5422521 0.9947872 0.984382
0.41956758 0.42477024 0.9366512 0.646151 0.9865298
0.9966937 0.6919433 0.367913 0.53203124 0.3132367
0.6263765 0.8013896 0.9698398 0.017734839 0.95955807
0.9913606 0.8001605 0.8415651 0.79185086 0.46310693
0.8784144 0.828717 0.18631919 0.8673194 0.9841137
0.9762331 0.9186386 0.7844483 0.63673544 0.8216799
0.06983701 0.92371315 0.9978777 0.4948135 0.33926392
0.08877005 0.99739504 0.8723289 0.7208986 0.6532279
0.4195619 0.009392667 0.95765686 0.9986693 0.17035149
0.26503292 0.45046705 0.93980825 0.99976075 0.6882817
0.02282118 0.71640986 0.9939916 0.908769 0.50597495
0.98431945 0.77201563 0.31213343 0.9469061 0.32078373
0.64070857 0.9452189 0.9646103 0.6487874 0.5976861
0.76247025 0.8989435 0.8535777 0.9682717 0.7276917
0.47211477 0.71382594 0.9995286 0.06398198 0.50159115
0.9812719 0.9926077 0.26393718 0.63391805 0.90481645
0.9691991 0.075355165 0.57190233 0.9993324 0.83319175
0.7858448 0.7754308 0.42538673 0.8013773 0.9972831
0.963793 0.9378783 0.15489836 0.99375814 0.63862735
0.18209432 0.9696921 0.89640826 0.9863843 0.7642137
0.12167239 0.97448707 0.033254243 0.95908475 0.85341424
0.30274287 0.88387567 0.94645745 0.08670068 0.9664405
0.93321985 0.48950675 0.9513418 0.6618499 0.71425146
0.75126874 0.27044287 0.5265432 0.9969064 0.9107288
0.90280586 0.9566286 0.5519035 0.94781286 0.12661608
0.9998579 0.8219615 0.57292664 0.04314016 0.5597159
0.96929187 0.9426217 0.44213623 0.4682379 0.91875046
0.4468868 0.90924054 0.044548076 0.9899668 0.7378822
0.6557272 0.97146326 0.415825 0.93089277 0.31124607
0.48842844 0.37257582 0.9715701 0.99833655 0.12662755
0.87225264 0.8196912 0.998132 0.17837004 0.53027606
0.18243046 0.95492196 0.58709973 0.96649784 0.39689866
0.98518354 0.528924 0.97540325 0.45394978 0.4344013
0.99980634 0.95649004 0.7833579 0.13335928 0.5103307
0.97613984 0.9692503 0.36355072 0.8522142 0.75111043
0.15947534 0.9560362 0.52772933 0.8069459 0.90749145
0.45721468 0.86216354 0.66486573 0.9666246 0.92638403
0.95160073 0.798188 0.9550057 0.981256 0.6250878
0.9979015 0.001134006 0.76369834 0.6991862 0.38881546
0.9901819 0.69889724 0.95972 0.14031027 0.12012415
0.9989484 0.85547984 0.22976473 0.51177144 0.9275965
0.9816228 0.86927646 0.6571149 0.77429056 0.4145318
0.32081556 0.99967265 0.24724706 0.625743 0.65489143
0.9958354 0.88473386 0.022155933 0.6654081 0.91077363
0.9528221 0.6109692 0.5670212 0.83122504 0.97612166
0.4421667 0.930647 0.99993217 0.07095342 0.36974573
0.024461938 0.2585466 0.81179255 0.9989741 0.8118613
0.8588777 0.97237366 0.9293041 0.954185 0.12295164
0.1240651 0.9758921 0.63281554 0.8275802 0.7137287
0.69394356 0.976478 0.96354294 0.3870035 0.0460728
0.9888096 0.53648895 0.9570051 0.23460664 0.28220218
0.8961455 0.9712182 0.9872207 0.02741926 0.09028454
0.86750674 0.8773488 0.9244844 0.98741275 0.86441624
0.8215111 0.6514622 0.88761157 0.9935993 0.18122841
0.96702254 0.97058266 0.9001477 0.3254145 0.47428825
0.9095934 0.8915475 0.920617 0.9158878 0.50001544
0.9997589 0.29311717 0.6055048 0.01907564 0.81653875
0.9883184 0.055401657 0.94632214 0.21141206 0.3068386
0.99986243 0.9743307 0.19483182 0.89251196 0.67169213
0.21603979 0.91764206 0.9462486 0.53723705 0.8641169
0.84103084 0.8441855 0.9927488 0.07409391 0.8255177
0.41495714 0.13207844 0.99969745 0.9277272 0.66440606
0.7103706 0.8209486 0.9367085 0.9042688 0.060321115
0.016018165 0.9066651 0.99628955 0.33170995 0.92166096
0.053819392 0.27522963 0.94387865 0.9972718 0.32824314
0.9988749 0.5913068 0.38747892 0.99969274 0.97423244
0.11585224 0.9955841 0.7689543 0.7106757 0.49465185
0.9488531 0.8775012 0.98080313 0.63465977 0.90834445
0.205161 0.95568097 0.9738604 0.47552532 0.69411576
0.7038062 0.44504306 0.9859136 0.9449605 0.48719192
0.97549653 0.249826 0.68249357 0.043953672 0.9897363
0.8802828 0.87044686 0.9060973 0.29588497 0.96385866
0.2525594 0.5488623 0.9500931 0.86727726 0.98320454
0.871883 0.28087422 0.7164515 0.98773074 0.64030683
0.9643428 0.7916487 0.5919845 0.8102022 0.9736601
0.43935546 0.9452393 0.95427096 0.9076346 0.5163883
0.9764994 0.8038877 0.659979 0.85927427 0.14958784
0.83144206 0.9630693 0.9392357 0.77107483 0.45705152
0.891243 0.9252124 0.37585214 0.78082883 0.9943029
0.9928217 0.9408998 0.33964488 0.13300762 0.99966043
0.5783287 0.9561367 0.5753915 0.5342913 0.9913849
0.634069 0.03494041 0.9359839 0.98785174 0.51514965
0.9881781 0.80462676 0.9372957 0.37766197 0.89595157
0.7138668 0.09378323 0.9663911 0.8181656 0.9078336
0.9679047 0.12183522 0.93776464 0.7967215 0.79212743
0.8778305 0.91050524 0.5746269 0.9416396 0.10275585
0.86874384 0.8301983 0.35684937 0.9975816 0.76468873
0.9072506 0.7174186 0.9700945 0.847618 0.7816814
0.8217382 0.9829739 0.26413816 0.9690912 0.7303373
0.9842426 0.8595547 0.9481131 0.85314614 0.37569347
0.6288865 0.037917793 0.9731062 0.99323636 0.9840307
0.31520498 0.94670194 0.94231886 0.72913635 0.9521719
0.834096 0.90301687 0.49832225 0.96989906 0.25946054
0.979547 0.96897143 0.3868588 0.9143538 0.84516615
0.65340525 0.9445022 0.36682633 0.9655845 0.2841274
0.56042695 0.97324026 0.9792858 0.27414942 0.83682084
0.39250612 0.6568881 0.9731766 0.15216489 0.9834342
0.9305791 0.9943126 0.6512585 0.5322927 0.6525362
0.999415 0.6640089 0.80797565 0.39212787 0.4309363
0.5068456 0.16518074 0.6235241 0.99876374 0.19360001
0.9967483 0.78824556 0.720517 0.14381592 0.82691807
0.9970307 0.10120916 0.37572125 0.32593718 0.9767298
0.9153487 0.90738475 0.9953784 0.8096577 0.8209365
0.19201657 0.98113984 0.31100684 0.71331227 0.9849473
0.84655744 0.9799768 0.6343707 0.51258326 0.8211211
0.6345893 0.9936087 0.7980853 0.0634758 0.6364802
0.24486506 0.8227538 0.6147428 0.98782104 0.8190314
0.63590455 0.9966413 0.6852083 0.46123117 0.010129859
0.91623825 0.9590683 0.17558144 0.91444105 0.49574268
0.9922407 0.63578063 0.7952462 0.04406862 0.7657229
0.80850476 0.15646936 0.7786329 0.9939162 0.43556306
0.25475404 0.9879719 0.9222737 0.3925917 0.8277984
0.38838813 0.45105582 0.9966576 0.8277873 0.2922776
0.82989043 0.9995512 0.12277851 0.94421494 0.08355548
0.22545648 0.02716764 0.83803374 0.9999514 0.13816455
0.9665991 0.4814546 0.95655185 0.14535548 0.76551765
0.48688957 0.9982011 0.89682657 0.04301071 0.53881156
0.73122543 0.96653414 0.88210326 0.659616 0.97620434
0.871913 0.28153005 0.97676474 0.7221736 0.8297875
0.9742939 0.70104814 0.77250177 0.7366468 0.79864657
0.56706643 0.84370625 0.9579814 0.95731425 0.2251719
0.7761358 0.37469032 0.9933308 0.91359246 0.04527306
0.11967014 0.9177578 0.6824689 0.88705957 0.976912
0.2614695 0.7735759 0.9906176 0.21551046 0.97248715
0.99161375 0.80878353 0.80895 0.7301043 0.89547914
0.99742925 0.68536663 0.73551404 0.7159052 0.5221921
0.26712605 0.8159527 0.61076814 0.9893693 0.82465494
0.80520535 0.36506498 0.99776924 0.94463193 0.899192
0.8048216 0.818529 0.51792693 0.99015117 0.00144541
0.30941942 0.99490637 0.80704916 0.9141298 0.6188341
0.99200475 0.850172 0.70381355 0.20181303 0.670317
0.963406 0.985166 0.7090965 0.49075627 0.25359526
0.71484715 0.98999727 0.44507402 0.9666188 0.1853629
0.946342 0.45796007 0.9090362 0.6341921 0.9947647
0.8138471 0.9921087 0.10691659 0.10833728 0.934293
0.14926627 0.98241013 0.96876353 0.8043875 0.57656056
0.37279105 0.2581651 0.64307326 0.82322675 0.9986963
0.9110858 0.390075 0.9828422 0.54968196 0.9674751
0.99823093 0.9044049 0.49242836 0.0676854 0.8012109
0.7141079 0.91669124 0.8033519 0.85154736 0.9673215
0.47148097 0.99249744 0.7285635 0.5360592 0.93774205
0.9654741 0.9964824 0.45694116 0.86202496 0.695658
0.14566845 0.77344656 0.9284983 0.9404395 0.92069286
0.9497134 0.49518436 0.7881227 0.30423793 0.9921351
0.22699863 0.94446087 0.965795 0.1033195 0.9722396
0.82306 0.9931323 0.7541984 0.26148912 0.8217329
0.26914698 0.5740901 0.9990071 0.6482106 0.9885787
0.64146286 0.9643297 0.7874537 0.77102715 0.9656788
0.9803519 0.6890133 0.6259301 0.8895233 0.12963979
0.9909789 0.8864441 0.37717584 0.50428694 0.34594727
0.33527082 0.92372626 0.69642615 0.97165793 0.34913608
0.8362826 0.35909078 0.9446199 0.8998712 0.7888451
0.8655437 0.9141573 0.6584472 0.8964454 0.64205915
0.9173401 0.26526827 0.978918 0.202398 0.958923
0.81188214 0.28347647 0.9960594 0.49429533 0.4821547
0.87050086 0.9976622 0.041072186 0.6804776 0.8248875
0.9627358 0.87261575 0.4016306 0.94299614 0.36569566
0.97341746 0.6685386 0.25783893 0.16653423 0.9597459
0.09144971 0.94315344 0.9900107 0.9118101 0.24330506
0.12860537 0.45161477 0.98173285 0.6751834 0.9839394
0.9984881 0.70001984 0.51346916 0.30366817 0.37406427
0.97531706 0.900852 0.97475314 0.19018885 0.057076167
0.72528976 0.92935705 0.99895966 0.45323706 0.42695016
0.8814461 0.45350638 0.72650737 0.66661024 0.9994835
0.7859506 0.7717006 0.040635675 0.9355133 0.9669938
0.79348916 0.39393026 0.98847896 0.85114914 0.48408097
0.9513333 0.91941315 0.7116925 0.6327337 0.13528623
0.09955278 0.9743951 0.989676 0.41019374 0.2520247
0.41071686 0.9467794 0.9444 0.8872414 0.79996556
0.11781525 0.92028874 0.8442304 0.7043367 0.9678654
0.9930638 0.84355277 0.20219913 0.78747267 0.27616143
0.33682525 0.9591057 0.98036695 0.002592891 0.9958831
0.9697621 0.8600493 0.7665046 0.049507428 0.9904827
0.85903466 0.7934894 0.9844154 0.18210812 0.84627384
0.1494816 0.7540194 0.8601212 0.9998404 0.41340047
0.9396626 0.99211687 0.93501174 0.7556153 0.8185399
0.2715225 0.8782237 0.028488232 0.9931617 0.8763833
0.96982443 0.41269198 0.93160015 0.7179641 0.981275
0.9656829 0.7260899 0.9973408 0.2345885 0.92701083
0.8502342 0.5357622 0.9260407 0.6275521 0.9806628
0.5006398 0.22014661 0.97613907 0.95102334 0.29355878
0.8642355 0.48917818 0.93171155 0.987756 0.99492323
0.52091444 0.78460896 0.93621093 0.83592415 0.9966181
0.8245133 0.96104234 0.10224258 0.9709097 0.7737376
0.9822828 0.74545634 0.9785045 0.18435694 0.1591546
0.023634395 0.9526652 0.743912 0.8870372 0.83153224
0.5811943 0.87260616 0.85750574 0.88121176 0.97362316
0.9644156 0.7883488 0.49815324 0.24491884 0.9926266
0.65317017 0.52506804 0.8749324 0.9962596 0.30595958
0.95541614 0.9319108 0.48538363 0.9640888 0.59663093
0.97403777 0.8428126 0.74097323 0.9788771 0.95660466
0.86984974 0.550373 0.4314988 0.9996665 0.8796078
0.53898305 0.89399534 0.6773681 0.9900719 0.7364906
0.06490444 0.99846447 0.6022578 0.8156349 0.14245413
0.10702801 0.23502083 0.017364582 0.9907639 0.9919936
0.4598835 0.5297827 0.62381375 0.9878076 0.9366159
0.9955844 0.6326394 0.87541574 0.44322842 0.24641252
0.5426763 0.75930625 0.99756956 0.79626185 0.9654939
0.9628367 0.23846518 0.9892001 0.7958855 0.73194206
0.5861769 0.94497716 0.66460544 0.91198957 0.9882408
0.082790874 0.780884 0.6759781 0.8876609 0.9725301
0.51593244 0.9947746 0.94717455 0.15031536 0.44023296
0.67705905 0.9978372 0.48881593 0.8941102 0.24781309
0.9041242 0.7366799 0.9709874 0.8445259 0.3922364
0.95971644 0.8668452 0.66556746 0.5309262 0.9393654
0.9370043 0.60561466 0.9998168 0.093648046 0.57033765
0.096402965 0.7122449 0.99437267 0.9480972 0.1307505
0.11758169 0.5977958 0.3008 0.8966891 0.9970256
0.62573755 0.9895472 0.9629758 0.16148487 0.89503545
0.7544214 0.6273185 0.9208237 0.83910775 0.89398223
Number of reads: 185445 
Number of writes: 5716 

//MINIBASE_SIZE=128
----------------------------------DATA FILE 2--------------------------------------- 
n_pages = 5 and preference attributes = 1
0.9998925 0.20947415 0.1958033 0.61646307 0.5625772
Number of reads: 45722094 
Number of writes: 12592 
n_pages = 5 and preference attributes = 1, 3
0.9975641 0.84071594 0.85829467 0.31339455 0.06073296
0.9998925 0.20947415 0.1958033 0.61646307 0.5625772
0.99180776 0.22053482 0.95309716 0.10398359 0.26274002
0.98708826 0.13729031 0.99435824 0.44685265 0.9752482
0.9957299 0.6199901 0.92249244 0.98760515 0.96189016
0.14200076 0.78514045 0.9999666 0.8090892 0.8927167
0.9998579 0.8219615 0.57292664 0.04314016 0.5597159
0.99980634 0.95649004 0.7833579 0.13335928 0.5103307
0.9901819 0.69889724 0.95972 0.14031027 0.12012415
0.4421667 0.930647 0.99993217 0.07095342 0.36974573
0.999415 0.6640089 0.80797565 0.39212787 0.4309363
0.9656829 0.7260899 0.9973408 0.2345885 0.92701083
0.9370043 0.60561466 0.9998168 0.093648046 0.57033765
Number of reads: 0 
Number of writes: 0
----------------------------------DATA FILE 3--------------------------------------- 
n_pages = 5 and preference attributes = 1
1.9947114 1.9341563 1.7652137 1.9131573 1.9865717
Number of reads: 0 
Number of writes: 0
n_pages = 5 and preference attributes = 1, 3
1.9947114 1.9341563 1.7652137 1.9131573 1.9865717
1.9919778 0.4977067 1.9944656 1.994362 0.8745691
1.9898192 0.017996876 1.9946159 1.4861575 1.993474
1.9299105 1.6537534 1.9947113 5.28994E-4 0.008315885
1.9946918 1.9810284 1.9774604 0.9946266 1.9621582
1.9946669 0.2401086 1.9887978 0.007253444 0.25535578
1.9947114 1.9341563 1.7652137 1.9131573 1.9865717
1.9803178 0.80985475 1.9946759 0.004538021 1.8455076
1.9930633 0.001287638 1.9940907 1.9339652 0.17165191
Number of reads: 0 
Number of writes: 0 