/tmp/task6riya.minibase-db
Replacer: Clock

/tmp/task6riya.minibase-db
Replacer: Clock

----------------------------------DATA FILE 2 PAGE SIZE 128--------------------------------------- 
n_pages = 5 and preference attributes = 1, 3
0.98708826 0.13729031 0.99435824 0.44685265 0.9752482
0.9656829 0.7260899 0.9973408 0.2345885 0.92701083
0.9901819 0.69889724 0.95972 0.14031027 0.12012415
0.99180776 0.22053482 0.95309716 0.10398359 0.26274002
0.9769587 0.9667599 0.9674006 0.38634738 0.09455506
0.9370043 0.60561466 0.9998168 0.093648046 0.57033765
0.95931906 0.559293 0.9755288 0.090201244 0.55365443
0.9883184 0.055401657 0.94632214 0.21141206 0.3068386
0.9842426 0.8595547 0.9481131 0.85314614 0.37569347
0.9488531 0.8775012 0.98080313 0.63465977 0.90834445
0.9652418 0.77338153 0.9630031 0.58196944 0.3626806
0.9881781 0.80462676 0.9372957 0.37766197 0.89595157
0.9665991 0.4814546 0.95655185 0.14535548 0.76551765
0.9824239 0.13463427 0.93605715 0.60601306 0.0925153
0.9957299 0.6199901 0.92249244 0.98760515 0.96189016
0.9359431 0.7927796 0.9797106 0.07343416 0.33513802
0.9153487 0.90738475 0.9953784 0.8096577 0.8209365
0.916327 0.91939 0.99245965 0.7150791 0.00360215
0.9679047 0.12183522 0.93776464 0.7967215 0.79212743
0.9067009 0.4454616 0.99593717 0.5934119 0.90056396
0.90903443 0.66568273 0.98781943 0.20581226 0.46993595
0.9173401 0.26526827 0.978918 0.202398 0.958923
0.9267446 0.7771069 0.96880794 0.5628124 0.789368
0.9313271 0.5027649 0.9626731 0.22318622 0.088118486
0.9110858 0.390075 0.9828422 0.54968196 0.9674751
0.8992588 0.5134501 0.99218863 0.79326206 0.49136218
0.8914099 0.96165746 0.99572664 0.6090717 0.34655368
0.8883848 0.027998714 0.9971235 0.2933171 0.4852437
0.9122148 0.03138638 0.9714978 0.21336012 0.74827766
0.92281115 0.6671782 0.9608698 0.09159682 0.16538765
0.8961455 0.9712182 0.9872207 0.02741926 0.09028454
0.89814144 0.64915884 0.98139495 0.48599946 0.8540753
0.87225264 0.8196912 0.998132 0.17837004 0.53027606
0.9975641 0.84071594 0.85829467 0.31339455 0.06073296
0.8248923 0.27663842 0.998572 0.46349728 0.5555243
0.999415 0.6640089 0.80797565 0.39212787 0.4309363
0.99980634 0.95649004 0.7833579 0.13335928 0.5103307
0.72528976 0.92935705 0.99895966 0.45323706 0.42695016
0.9998579 0.8219615 0.57292664 0.04314016 0.5597159
0.47211477 0.71382594 0.9995286 0.06398198 0.50159115
0.4421667 0.930647 0.99993217 0.07095342 0.36974573
0.9964557 0.44826126 0.39873087 0.19671008 0.1723022
0.9988749 0.5913068 0.38747892 0.99969274 0.97423244
0.384955 0.5740811 0.99970865 0.99186885 0.81706715
0.9993328 0.0878997 0.3441044 0.82917845 0.36163157
0.99951285 0.15624727 0.2673849 0.25574085 0.120045014
0.9998925 0.20947415 0.1958033 0.61646307 0.5625772
0.14200076 0.78514045 0.9999666 0.8090892 0.8927167
Number of reads: 20063179 
Number of writes: 15307 
