/tmp/task6riya.minibase-db
Replacer: Clock

/tmp/task6riya.minibase-db
Replacer: Clock

----------------------------------DATA FILE 2 PAGE SIZE 128--------------------------------------- 
n_pages = 10 and preference attributes = 1, 3
0.98708826 0.13729031 0.99435824 0.44685265 0.9752482
0.9656829 0.7260899 0.9973408 0.2345885 0.92701083
0.9901819 0.69889724 0.95972 0.14031027 0.12012415
0.99180776 0.22053482 0.95309716 0.10398359 0.26274002
0.9769587 0.9667599 0.9674006 0.38634738 0.09455506
0.9370043 0.60561466 0.9998168 0.093648046 0.57033765
0.95931906 0.559293 0.9755288 0.090201244 0.55365443
0.9883184 0.055401657 0.94632214 0.21141206 0.3068386
0.9842426 0.8595547 0.9481131 0.85314614 0.37569347
0.9488531 0.8775012 0.98080313 0.63465977 0.90834445
0.9652418 0.77338153 0.9630031 0.58196944 0.3626806
0.9881781 0.80462676 0.9372957 0.37766197 0.89595157
0.9665991 0.4814546 0.95655185 0.14535548 0.76551765
0.9824239 0.13463427 0.93605715 0.60601306 0.0925153
0.9957299 0.6199901 0.92249244 0.98760515 0.96189016
0.9359431 0.7927796 0.9797106 0.07343416 0.33513802
0.9153487 0.90738475 0.9953784 0.8096577 0.8209365
0.916327 0.91939 0.99245965 0.7150791 0.00360215
0.96116006 0.2136586 0.94681686 0.52376264 0.2702363
0.95160073 0.798188 0.9550057 0.981256 0.6250878
0.9552203 0.31522384 0.9512274 0.96446437 0.065423615
0.9679047 0.12183522 0.93776464 0.7967215 0.79212743
0.9490722 0.46288988 0.95530736 0.24946055 0.16883548
0.9067009 0.4454616 0.99593717 0.5934119 0.90056396
0.96982443 0.41269198 0.93160015 0.7179641 0.981275
0.95118237 0.4704763 0.9501671 0.15624197 0.049636405
0.90903443 0.66568273 0.98781943 0.20581226 0.46993595
0.9173401 0.26526827 0.978918 0.202398 0.958923
0.9267446 0.7771069 0.96880794 0.5628124 0.789368
0.9538844 0.8438924 0.9408423 0.3368166 0.55994385
0.9313271 0.5027649 0.9626731 0.22318622 0.088118486
0.9110858 0.390075 0.9828422 0.54968196 0.9674751
0.8992588 0.5134501 0.99218863 0.79326206 0.49136218
0.949083 0.12984136 0.94133383 0.14819928 0.17997156
0.971092 0.5344601 0.9179433 0.38823903 0.711689
0.9943533 0.09716496 0.89430666 0.89068973 0.5330904
0.9871178 0.0234408 0.9015146 0.10962299 0.74239844
0.8914099 0.96165746 0.99572664 0.6090717 0.34655368
0.8883848 0.027998714 0.9971235 0.2933171 0.4852437
0.93321985 0.48950675 0.9513418 0.6618499 0.71425146
0.9744166 0.19203348 0.90977997 0.7549416 0.49678624
0.9873185 0.5942145 0.8967384 0.93312263 0.8701996
0.95578355 0.21741742 0.92800015 0.009401931 0.7945564
0.8961455 0.9712182 0.9872207 0.02741926 0.09028454
0.97950584 0.54846317 0.9014838 0.6162779 0.41420075
0.89814144 0.64915884 0.98139495 0.48599946 0.8540753
0.98095405 0.29671156 0.89521426 0.9697647 0.58398515
0.9627786 0.19319418 0.9115776 0.37184155 0.07058537
0.9955844 0.6326394 0.87541574 0.44322842 0.24641252
0.87225264 0.8196912 0.998132 0.17837004 0.53027606
0.96702254 0.97058266 0.9001477 0.3254145 0.47428825
0.96259665 0.14528821 0.90305907 0.22334598 0.81485575
0.97075576 0.5732078 0.88790745 0.40246156 0.6277152
0.9975641 0.84071594 0.85829467 0.31339455 0.06073296
0.9897758 0.12066265 0.865389 0.3417384 0.7433707
0.97677577 0.2748773 0.8759805 0.7749816 0.15219904
0.8605612 0.38288644 0.99135745 0.062936775 0.2872238
0.97733885 0.64883983 0.87430084 0.094349064 0.7541026
0.98485106 9.15508E-4 0.8648346 0.6346604 0.833125
0.8641284 0.79792416 0.98322135 0.17750709 0.1184216
0.95683306 0.09705302 0.8902285 0.76067436 0.74921125
0.8565617 0.4829581 0.9896717 0.29086763 0.02033563
0.85903466 0.7934894 0.9844154 0.18210812 0.84627384
0.84103084 0.8441855 0.9927488 0.07409391 0.8255177
0.9913606 0.8001605 0.8415651 0.79185086 0.46310693
0.98856634 0.8091488 0.84279674 0.7703911 0.28597078
0.98712814 0.7597974 0.84319186 0.09972266 0.57460743
0.8248923 0.27663842 0.998572 0.46349728 0.5555243
0.99003637 0.5038515 0.8291296 0.011613132 0.89588404
0.999415 0.6640089 0.80797565 0.39212787 0.4309363
0.81694454 0.6168332 0.9895544 0.005870757 0.72661287
0.80520535 0.36506498 0.99776924 0.94463193 0.899192
0.99161375 0.80878353 0.80895 0.7301043 0.89547914
0.9924147 0.3645872 0.80622035 0.6111579 0.69117594
0.8071025 0.7382366 0.98875207 0.7768156 0.68481386
0.791535 0.16716228 0.9963917 0.070048295 0.466733
0.9922407 0.63578063 0.7952462 0.04406862 0.7657229
0.99980634 0.95649004 0.7833579 0.13335928 0.5103307
0.79348916 0.39393026 0.98847896 0.85114914 0.48408097
0.7858535 0.9038109 0.98868763 0.10894372 0.2870133
0.78184754 0.002308507 0.99250185 0.16413498 0.61062217
0.7761358 0.37469032 0.9933308 0.91359246 0.04527306
0.78396606 0.47353762 0.9846895 0.7435231 0.29338804
0.9979015 0.001134006 0.76369834 0.6991862 0.38881546
0.7478215 0.93048054 0.9951905 0.155089 0.04594531
0.99742925 0.68536663 0.73551404 0.7159052 0.5221921
0.72528976 0.92935705 0.99895966 0.45323706 0.42695016
0.99818945 0.40673956 0.6689799 0.86772436 0.08125538
0.6712127 0.10433363 0.9958749 0.031637285 0.71355855
0.6364275 0.48861662 0.99879646 0.5572434 0.32731423
0.99917966 0.13414876 0.62866926 0.031703856 0.33173308
0.9997589 0.29311717 0.6055048 0.01907564 0.81653875
0.9998579 0.8219615 0.57292664 0.04314016 0.5597159
0.47211477 0.71382594 0.9995286 0.06398198 0.50159115
0.4421667 0.930647 0.99993217 0.07095342 0.36974573
0.9988749 0.5913068 0.38747892 0.99969274 0.97423244
0.9993328 0.0878997 0.3441044 0.82917845 0.36163157
0.26914698 0.5740901 0.9990071 0.6482106 0.9885787
0.99951285 0.15624727 0.2673849 0.25574085 0.120045014
0.23756865 0.6947887 0.9991964 0.124534175 0.88328934
0.9989484 0.85547984 0.22976473 0.51177144 0.9275965
0.9998925 0.20947415 0.1958033 0.61646307 0.5625772
0.14200076 0.78514045 0.9999666 0.8090892 0.8927167
0.9994869 0.9506943 0.022118714 0.3750198 0.14851768
Number of reads: 20079297 
Number of writes: 16168 
