/tmp/task6riya.minibase-db
Replacer: Clock

/tmp/task6riya.minibase-db
Replacer: Clock

----------------------------------DATA FILE 2 PAGE SIZE 128--------------------------------------- 
n_pages = 10 and preference attributes = 1, 3, 5
0.98708826 0.13729031 0.99435824 0.44685265 0.9752482
0.9656829 0.7260899 0.9973408 0.2345885 0.92701083
0.96982443 0.41269198 0.93160015 0.7179641 0.981275
0.9957299 0.6199901 0.92249244 0.98760515 0.96189016
0.9110858 0.390075 0.9828422 0.54968196 0.9674751
0.9173401 0.26526827 0.978918 0.202398 0.958923
0.946342 0.45796007 0.9090362 0.6341921 0.9947647
0.94203264 0.9067438 0.90418655 0.7571448 0.9987836
0.9488531 0.8775012 0.98080313 0.63465977 0.90834445
0.9881781 0.80462676 0.9372957 0.37766197 0.89595157
0.9067009 0.4454616 0.99593717 0.5934119 0.90056396
0.8642355 0.48917818 0.93171155 0.987756 0.99492323
0.95025724 0.1442823 0.912314 0.022736946 0.9263672
0.9407372 0.90305203 0.8864695 0.042278863 0.9431588
0.9223163 0.014927368 0.95480734 0.5574805 0.893155
0.8737455 0.3941378 0.90360874 0.8515664 0.9863089
0.86447287 0.36400065 0.97364014 0.58889943 0.92188394
0.8502342 0.5357622 0.9260407 0.6275521 0.9806628
0.9873185 0.5942145 0.8967384 0.93312263 0.8701996
0.8802828 0.87044686 0.9060973 0.29588497 0.96385866
0.90691876 0.10545074 0.9068725 0.8629493 0.9304366
0.92180604 0.7843563 0.91563684 0.4494821 0.8987921
0.89814144 0.64915884 0.98139495 0.48599946 0.8540753
0.9153487 0.90738475 0.9953784 0.8096577 0.8209365
0.98375404 0.03796027 0.9631906 0.7664402 0.7834405
0.9497134 0.49518436 0.7881227 0.30423793 0.9921351
0.8912707 0.79651135 0.9460019 0.6042677 0.8926448
0.9697621 0.8600493 0.7665046 0.049507428 0.9904827
0.91714144 0.91086936 0.8163411 0.8357019 0.9910635
0.8606808 0.9495087 0.9131141 0.9640792 0.9488673
0.8619597 0.68160486 0.96066064 0.20046706 0.89900035
0.99003637 0.5038515 0.8291296 0.011613132 0.89588404
0.9273679 0.5734644 0.8160692 0.29249883 0.9675836
0.93820053 0.7423123 0.83310735 0.03725441 0.9385509
0.92203885 0.27993873 0.81365293 0.6344135 0.97289675
0.8229695 0.09792722 0.9504571 0.42296198 0.93318474
0.80520535 0.36506498 0.99776924 0.94463193 0.899192
0.9679047 0.12183522 0.93776464 0.7967215 0.79212743
0.99161375 0.80878353 0.80895 0.7301043 0.89547914
0.9396626 0.99211687 0.93501174 0.7556153 0.8185399
0.7746517 0.42329866 0.9313163 0.83709973 0.984412
0.85903466 0.7934894 0.9844154 0.18210812 0.84627384
0.9665991 0.4814546 0.95655185 0.14535548 0.76551765
0.9022009 0.6620775 0.9238702 0.035700712 0.8615457
0.76150554 0.5504325 0.9436155 0.8759294 0.98047525
0.9267446 0.7771069 0.96880794 0.5628124 0.789368
0.9628367 0.23846518 0.9892001 0.7958855 0.73194206
0.7089701 9.2595E-4 0.987526 0.33185026 0.9870451
0.98485106 9.15508E-4 0.8648346 0.6346604 0.833125
0.9451149 0.58710617 0.9157125 0.73027813 0.82186735
0.96259665 0.14528821 0.90305907 0.22334598 0.81485575
0.871913 0.28153005 0.97676474 0.7221736 0.8297875
0.95578355 0.21741742 0.92800015 0.009401931 0.7945564
0.97403777 0.8428126 0.74097323 0.9788771 0.95660466
0.8913178 0.24799035 0.8676959 0.13927418 0.9027666
0.9833366 0.99281085 0.7801744 0.29129866 0.89803135
0.84103084 0.8441855 0.9927488 0.07409391 0.8255177
0.9072506 0.7174186 0.9700945 0.847618 0.7816814
0.86750674 0.8773488 0.9244844 0.98741275 0.86441624
0.86242944 0.7490584 0.8349305 0.6807164 0.9531734
0.76157486 0.37126362 0.9199169 0.602934 0.9682962
0.8848563 0.2133588 0.87024707 0.50259036 0.89288837
0.97549653 0.249826 0.68249357 0.043953672 0.9897363
0.9122148 0.03138638 0.9714978 0.21336012 0.74827766
0.9871178 0.0234408 0.9015146 0.10962299 0.74239844
0.8153151 0.23252958 0.8287896 0.28039935 0.9839589
0.7657802 0.57763845 0.9075975 0.003089259 0.9534759
0.9536921 0.27738833 0.79021764 0.07178733 0.8800473
0.79843116 0.214232 0.96662426 0.914402 0.8537331
0.9066447 0.15492567 0.71263295 0.9960747 0.9964393
0.91623294 0.5725931 0.9061062 0.53160226 0.78786296
0.71589386 0.4878127 0.9602081 0.19681324 0.93359464
0.6225315 0.38173902 0.9879166 0.9433805 0.9986909
0.95609486 0.06116795 0.8150921 0.004095396 0.8367506
0.8814461 0.45350638 0.72650737 0.66661024 0.9994835
0.7852533 0.94841164 0.8417521 0.4813071 0.98034346
0.97733885 0.64883983 0.87430084 0.094349064 0.7541026
0.8721709 0.6682924 0.8491239 0.5243436 0.8844456
0.971092 0.5344601 0.9179433 0.38823903 0.711689
0.80282414 0.5163251 0.8292017 0.5939972 0.96842974
0.93321985 0.48950675 0.9513418 0.6618499 0.71425146
0.9897758 0.12066265 0.865389 0.3417384 0.7433707
0.95683306 0.09705302 0.8902285 0.76067436 0.74921125
0.93338555 0.7311684 0.7837929 0.5433102 0.8767826
0.99456954 0.29159978 0.6359535 0.50388175 0.9613451
0.73122543 0.96653414 0.88210326 0.659616 0.97620434
0.7138668 0.09378323 0.9663911 0.8181656 0.9078336
0.6288865 0.037917793 0.9731062 0.99323636 0.9840307
0.9762331 0.9186386 0.7844483 0.63673544 0.8216799
0.6103145 0.2987653 0.98139775 0.38233054 0.98626024
0.806006 0.5309287 0.97575766 0.04631923 0.7919668
0.8362826 0.35909078 0.9446199 0.8998712 0.7888451
0.9561507 0.62274384 0.80967104 0.015795728 0.8034199
0.7544214 0.6273185 0.9208237 0.83910775 0.89398223
0.6997529 0.6180958 0.90900016 0.17630595 0.9591756
0.9123471 0.7003952 0.81946814 0.3393265 0.8344319
0.8955574 0.5732783 0.8764238 0.8071034 0.7936368
0.9701194 0.11527929 0.6396077 0.8630685 0.9512374
0.6720709 0.015002579 0.9771683 0.30309948 0.91149676
0.68406034 0.321522 0.9835438 0.14162724 0.8862855
0.9922407 0.63578063 0.7952462 0.04406862 0.7657229
0.9085788 0.084355734 0.88390344 0.7280181 0.756921
0.9967483 0.78824556 0.720517 0.14381592 0.82691807
0.81694454 0.6168332 0.9895544 0.005870757 0.72661287
0.95160073 0.798188 0.9550057 0.981256 0.6250878
0.7884783 0.16453268 0.9364939 0.18833031 0.80520004
0.9773922 0.6103142 0.6842397 0.8075603 0.8649296
0.8785143 0.41729087 0.8571426 0.02621992 0.7869668
0.97634685 0.24831176 0.69830453 0.30456072 0.846929
0.90901405 0.31741786 0.9651204 0.2617331 0.6469792
0.9387439 0.39503285 0.8242572 0.27107823 0.7563776
0.9848432 0.28334767 0.5460003 0.4276552 0.98376626
0.9870251 0.3830642 0.6026656 0.24164452 0.9242488
0.98014146 0.4569074 0.7540697 0.4575668 0.776089
0.9370043 0.60561466 0.9998168 0.093648046 0.57033765
0.5426763 0.75930625 0.99756956 0.79626185 0.9654939
0.7011651 0.5154335 0.8377459 0.38727123 0.9631591
0.9717874 0.8955715 0.841277 0.06919492 0.68612516
0.97306037 0.43894786 0.8185471 0.8951205 0.6993888
0.6956965 0.089126915 0.8447186 0.46382996 0.9496019
0.9924147 0.3645872 0.80622035 0.6111579 0.69117594
0.95931906 0.559293 0.9755288 0.090201244 0.55365443
0.97075576 0.5732078 0.88790745 0.40246156 0.6277152
0.7008082 0.07995121 0.98904365 0.6748674 0.79513204
0.70392436 0.65311295 0.98172754 0.07878816 0.7977202
0.9885511 0.91755396 0.6919035 0.1764038 0.8012239
0.8071025 0.7382366 0.98875207 0.7768156 0.68481386
0.7339046 0.3627268 0.99299324 0.33694673 0.7525935
0.72172594 0.7535033 0.973215 0.7813737 0.78133976
0.73670423 0.13342375 0.99446315 0.69427687 0.7418797
0.69587886 0.26001197 0.92570704 0.69147146 0.8514442
0.9117445 0.9904514 0.89705807 0.5549232 0.66358507
0.7728532 0.28705463 0.98287714 0.11982704 0.7105109
0.6719966 0.36965382 0.8394714 0.8279869 0.95424294
0.98095405 0.29671156 0.89521426 0.9697647 0.58398515
0.75292194 0.7456119 0.71267134 0.49386764 0.9923732
0.9644156 0.7883488 0.49815324 0.24491884 0.9926266
0.9538844 0.8438924 0.9408423 0.3368166 0.55994385
0.52091444 0.78460896 0.93621093 0.83592415 0.9966181
0.5334563 0.64109164 0.9827826 0.8331677 0.9330124
0.89804304 0.82078457 0.9727689 0.47780842 0.57708985
0.9661547 0.5686313 0.8708873 0.95646536 0.5957057
0.56888175 0.027570378 0.8657271 0.16304065 0.9951651
0.6753245 0.63990057 0.92564034 0.5775498 0.828406
0.9925594 0.82951516 0.5454786 0.80016935 0.88648605
0.9997589 0.29311717 0.6055048 0.01907564 0.81653875
0.9943533 0.09716496 0.89430666 0.89068973 0.5330904
0.63106936 0.7669047 0.98458743 0.9173639 0.8005719
0.9470482 0.36284915 0.8695816 0.027548736 0.5918843
0.471101 0.8383113 0.9917539 0.46943396 0.9451574
0.98712814 0.7597974 0.84319186 0.09972266 0.57460743
0.4291547 0.23699471 0.97950757 0.79632443 0.9951576
0.97545767 0.702057 0.7945914 0.095243745 0.6331548
0.87225264 0.8196912 0.998132 0.17837004 0.53027606
0.9837895 0.63433033 0.81297183 0.50173724 0.5991625
0.98518354 0.528924 0.97540325 0.45394978 0.4344013
0.7861086 0.6180918 0.98635787 0.8913395 0.6212303
0.9828626 0.77376056 0.6626962 0.57107127 0.7473926
0.9909408 0.751634 0.79877377 0.7404645 0.59955883
0.90940976 0.84831166 0.4837392 0.072262384 0.99229527
0.78184754 0.002308507 0.99250185 0.16413498 0.61062217
0.8992588 0.5134501 0.99218863 0.79326206 0.49136218
0.44801408 0.27681807 0.9974316 0.24335538 0.9370441
0.8891772 0.16830829 0.97232103 0.46809462 0.5206364
0.9744166 0.19203348 0.90977997 0.7549416 0.49678624
0.6712127 0.10433363 0.9958749 0.031637285 0.71355855
0.8248923 0.27663842 0.998572 0.46349728 0.5555243
0.9933087 0.44420943 0.65264523 0.78676695 0.73067445
0.50493115 0.065257244 0.9905518 0.1399298 0.8800969
0.47322455 0.5058743 0.9121311 0.98584384 0.9874233
0.8883848 0.027998714 0.9971235 0.2933171 0.4852437
0.90903443 0.66568273 0.98781943 0.20581226 0.46993595
0.99200475 0.850172 0.70381355 0.20181303 0.670317
0.98956347 0.5878656 0.5218085 0.033600472 0.8520283
0.93504894 0.5216315 0.43183014 0.51678646 0.99567765
0.9988749 0.5913068 0.38747892 0.99969274 0.97423244
0.5612434 0.06214429 0.9830648 0.2183848 0.81241995
0.9738437 0.73260903 0.49770162 0.46677712 0.8828481
0.9970307 0.10120916 0.37572125 0.32593718 0.9767298
0.41956758 0.42477024 0.9366512 0.646151 0.9865298
0.96702254 0.97058266 0.9001477 0.3254145 0.47428825
0.9477509 0.64085203 0.94129854 0.93758994 0.4472043
0.9928217 0.9408998 0.33964488 0.13300762 0.99966043
0.9095934 0.8915475 0.920617 0.9158878 0.50001544
0.935643 0.76489305 0.87504965 0.9061988 0.51913524
0.99172884 0.20854594 0.72619677 0.6026354 0.6066109
0.49162993 0.19152938 0.8318437 0.016142093 0.99517804
0.98934734 0.22603203 0.54005355 0.31462806 0.7885782
0.37362272 0.7596866 0.9925921 0.57431185 0.95030934
0.33682525 0.9591057 0.98036695 0.002592891 0.9958831
0.9842426 0.8595547 0.9481131 0.85314614 0.37569347
0.9913606 0.8001605 0.8415651 0.79185086 0.46310693
0.97950584 0.54846317 0.9014838 0.6162779 0.41420075
0.99980634 0.95649004 0.7833579 0.13335928 0.5103307
0.99823093 0.9044049 0.49242836 0.0676854 0.8012109
0.9652418 0.77338153 0.9630031 0.58196944 0.3626806
0.81188214 0.28347647 0.9960594 0.49429533 0.4821547
0.9926239 0.1463932 0.7542232 0.75513595 0.5421432
0.4884027 0.1230418 0.9912077 0.21894032 0.8046954
0.9829532 0.030921243 0.8082139 0.12116468 0.48097953
0.9041242 0.7366799 0.9709874 0.8445259 0.3922364
0.6127549 0.8466078 0.6626439 0.6703322 0.9914595
0.79348916 0.39393026 0.98847896 0.85114914 0.48408097
0.93133616 0.47714776 0.89497 0.5570126 0.4370829
0.891243 0.9252124 0.37585214 0.78082883 0.9943029
0.26914698 0.5740901 0.9990071 0.6482106 0.9885787
0.74133563 0.4954598 0.98456746 0.022455303 0.5304937
0.99742925 0.68536663 0.73551404 0.7159052 0.5221921
0.791535 0.16716228 0.9963917 0.070048295 0.466733
0.54934824 0.34128615 0.70707685 0.8164026 0.9951894
0.9359431 0.7927796 0.9797106 0.07343416 0.33513802
0.9883184 0.055401657 0.94632214 0.21141206 0.3068386
0.999415 0.6640089 0.80797565 0.39212787 0.4309363
0.9384365 0.17288278 0.89759016 0.30399036 0.40086207
0.8914099 0.96165746 0.99572664 0.6090717 0.34655368
0.949714 0.3715692 0.8720737 0.67615443 0.40825558
0.86119187 0.2759508 0.3703021 0.25453553 0.9979688
0.9888096 0.53648895 0.9570051 0.23460664 0.28220218
0.9789351 0.4448587 0.8563799 0.4953363 0.39027494
0.2614695 0.7735759 0.9906176 0.21551046 0.97248715
0.4556363 0.4799639 0.77248186 0.7546735 0.9928817
0.5078401 0.35549515 0.9942315 0.17093667 0.7183684
0.6679603 0.0421581 0.97134227 0.48085213 0.5799541
0.9969242 0.20692547 0.59956545 0.06865005 0.622089
0.622293 0.29734388 0.5988226 0.14259739 0.99547803
0.979547 0.96897143 0.3868588 0.9143538 0.84516615
0.9807624 0.60875434 0.6302733 0.54937536 0.59861577
0.7858448 0.7754308 0.42538673 0.8013773 0.9972831
0.62750447 0.47413114 0.99442464 0.28276902 0.5858779
0.99180776 0.22053482 0.95309716 0.10398359 0.26274002
0.384955 0.5740811 0.99970865 0.99186885 0.81706715
0.91134167 0.6181372 0.9032416 0.15938851 0.3861765
0.6396151 0.001995272 0.9780021 0.5205837 0.57918936
0.9947551 0.39219198 0.75407475 0.5236727 0.44797343
0.24659465 0.23907521 0.95292175 0.71186906 0.99624443
0.6164111 0.33943552 0.9917129 0.41289648 0.5835154
0.97760695 0.16712523 0.5613444 0.39991432 0.6430019
0.96116006 0.2136586 0.94681686 0.52376264 0.2702363
0.7038062 0.44504306 0.9859136 0.9449605 0.48719192
0.22018565 0.86799264 0.9533058 0.58546865 0.9984361
0.96580195 0.14494017 0.84589964 0.51923764 0.3596784
0.9989484 0.85547984 0.22976473 0.51177144 0.9275965
0.72528976 0.92935705 0.99895966 0.45323706 0.42695016
0.9979015 0.001134006 0.76369834 0.6991862 0.38881546
0.99181104 0.06686823 0.43142968 0.12307113 0.726681
0.89116275 0.33060294 0.9739981 0.8079054 0.28178838
0.5783287 0.9561367 0.5753915 0.5342913 0.9913849
0.98966944 0.5947155 0.42865628 0.05680749 0.72429144
0.8605612 0.38288644 0.99135745 0.062936775 0.2872238
0.9708559 0.44557962 0.16838105 0.4939839 0.9977074
0.30964005 0.17098992 0.9920184 0.307001 0.8333895
0.9998579 0.8219615 0.57292664 0.04314016 0.5597159
0.1627258 0.43962735 0.9736114 0.7008431 0.99555403
0.27502546 0.25018182 0.992477 0.39382997 0.85352796
0.1483171 0.38042244 0.98555505 0.43663794 0.98712397
0.8656341 0.13047484 0.25596336 0.625271 0.9987491
0.23756865 0.6947887 0.9991964 0.124534175 0.88328934
0.9822828 0.74545634 0.9785045 0.18435694 0.1591546
0.9955844 0.6326394 0.87541574 0.44322842 0.24641252
0.98856634 0.8091488 0.84279674 0.7703911 0.28597078
0.60272014 0.06402483 0.99242574 0.38008463 0.5215209
0.67951584 0.614438 0.4316127 0.8705496 0.9981271
0.5262692 0.21747504 0.99591655 0.588211 0.5814254
0.29457217 0.37680063 0.99235713 0.7466006 0.81392443
0.12860537 0.45161477 0.98173285 0.6751834 0.9839394
0.41495714 0.13207844 0.99969745 0.9277272 0.66440606
0.3324834 0.81145686 0.74386746 0.1303686 0.99739295
0.9490722 0.46288988 0.95530736 0.24946055 0.16883548
0.9827253 0.0872534 0.5327115 0.07904101 0.55491394
0.9901819 0.69889724 0.95972 0.14031027 0.12012415
0.99731076 0.5667261 0.15588754 0.14625616 0.91143036
0.92281115 0.6671782 0.9608698 0.09159682 0.16538765
0.96575373 0.91600776 0.8725034 0.06251869 0.20686068
0.10689865 0.53816426 0.98243254 0.6167342 0.9513747
0.9769587 0.9667599 0.9674006 0.38634738 0.09455506
0.97712743 0.38273662 0.3770188 0.60692 0.6838839
0.5167178 0.23711674 0.98770344 0.28195265 0.53038114
0.14200076 0.78514045 0.9999666 0.8090892 0.8927167
0.9470838 0.77048475 0.084363066 0.08529261 0.99841
0.6637973 0.4367748 0.3723941 0.95509005 0.99109364
0.997631 0.76341736 0.2738601 0.8364695 0.7556719
0.97367144 0.66672456 0.7872328 0.6683573 0.25762933
0.9820252 0.648527 0.7564771 0.19570991 0.27928478
0.37279105 0.2581651 0.64307326 0.82322675 0.9986963
0.97531706 0.900852 0.97475314 0.19018885 0.057076167
0.97677577 0.2748773 0.8759805 0.7749816 0.15219904
0.97470766 0.7447603 0.79868746 0.25510752 0.22764385
0.43190286 0.26630655 0.99516356 0.25819442 0.565467
0.663805 0.40936342 0.33136153 0.034574926 0.99494344
0.9313271 0.5027649 0.9626731 0.22318622 0.088118486
0.57211334 0.08581482 0.41308153 0.5006729 0.9943504
0.8961455 0.9712182 0.9872207 0.02741926 0.09028454
0.47211477 0.71382594 0.9995286 0.06398198 0.50159115
0.9840241 0.23745379 0.008228229 0.48064232 0.97915745
0.9917775 0.75749964 0.3827548 0.12012957 0.59231144
0.8641284 0.79792416 0.98322135 0.17750709 0.1184216
0.6364275 0.48861662 0.99879646 0.5572434 0.32731423
0.99917966 0.13414876 0.62866926 0.031703856 0.33173308
0.9305802 0.4308804 0.030828256 0.48630404 0.9979808
0.016018165 0.9066651 0.99628955 0.33170995 0.92166096
0.16422714 0.4284381 0.9982039 0.5439778 0.769996
0.9975641 0.84071594 0.85829467 0.31339455 0.06073296
0.2618378 0.20086832 0.6545803 0.56686753 0.9971428
0.916327 0.91939 0.99245965 0.7150791 0.00360215
0.59511024 0.4404815 0.99724644 0.099564046 0.31687826
0.89694434 0.058902718 0.9813744 0.61657584 0.029336222
0.77113384 0.88469136 0.13473466 0.7711417 0.9931007
0.12779191 0.16607732 0.99685246 0.80758256 0.76463765
0.21233454 0.2797148 0.99798536 0.94860214 0.67883873
0.9984881 0.70001984 0.51346916 0.30366817 0.37406427
0.85436416 0.2797233 0.98591685 0.5604406 0.029952385
0.8565617 0.4829581 0.9896717 0.29086763 0.02033563
0.99986243 0.9743307 0.19483182 0.89251196 0.67169213
0.25453883 0.042340577 0.9920956 0.25608408 0.58859193
0.4421667 0.930647 0.99993217 0.07095342 0.36974573
0.2164535 0.44985268 0.99468654 0.13301075 0.58834
0.29564792 0.003935931 0.5039028 0.77837676 0.99761724
0.05468672 0.2966996 0.99866396 0.7209255 0.74366695
0.10407757 0.8457248 0.9923187 0.6307263 0.69728845
0.61802495 0.74578524 0.15008129 0.115133025 0.9936307
0.9998925 0.20947415 0.1958033 0.61646307 0.5625772
0.99818945 0.40673956 0.6689799 0.86772436 0.08125538
0.72510415 0.10617041 0.9970743 0.5764544 0.007393007
0.12518029 0.44346675 0.99935377 0.0900518 0.5853173
0.9993328 0.0878997 0.3441044 0.82917845 0.36163157
0.38838813 0.45105582 0.9966576 0.8277873 0.2922776
0.5315442 0.12141842 0.99641967 0.55913 0.091161154
0.61183697 0.22254375 0.005310866 0.5316795 0.9986466
0.52191734 0.04357823 0.08012334 0.5184459 0.9988206
0.99974966 0.050880857 0.19300322 0.88617617 0.362384
0.084984906 0.48510438 0.9963604 0.62034625 0.46840012
0.02282118 0.71640986 0.9939916 0.908769 0.50597495
0.0996736 0.51124316 0.9999432 0.36059535 0.41637674
0.005670568 0.11319736 0.99957114 0.5791535 0.46743822
0.06983701 0.92371315 0.9978777 0.4948135 0.33926392
0.99951285 0.15624727 0.2673849 0.25574085 0.120045014
0.17920896 0.10336121 0.9987833 0.7994341 0.1503514
Number of reads: 20300883 
Number of writes: 22106 
