Replacer: Clock

/tmp/task6riya.minibase-db
Replacer: Clock

7308
----------------------------------DATA FILE 3 PAGE SIZE 128--------------------------------------- 
n_pages = 4000 and preference attributes = 1
1.9947114 1.9341563 1.7652137 1.9131573 1.9865717
Number of reads: 20060119 
Number of writes: 14292 
n_pages = 5 and preference attributes = 1, 3
1.9947114 1.9341563 1.7652137 1.9131573 1.9865717
1.9930633 0.001287638 1.9940907 1.9339652 0.17165191
1.9919778 0.4977067 1.9944656 1.994362 0.8745691
1.9898192 0.017996876 1.9946159 1.4861575 1.993474
1.9946669 0.2401086 1.9887978 0.007253444 0.25535578
1.9917742 0.7185604 1.9911569 1.974867 1.961675
1.9856837 0.005147259 1.9945271 1.6259804 0.018993828
1.9803178 0.80985475 1.9946759 0.004538021 1.8455076
1.9814816 0.15997897 1.9920623 3.20804E-4 0.5371544
1.9938161 0.107440114 1.9790903 0.39976826 0.009384412
1.9946918 1.9810284 1.9774604 0.9946266 1.9621582
1.9745339 0.037159 1.9924749 1.3392051 0.03443843
1.9842534 2.1654E-4 1.9804729 1.0297033 0.031072322
1.9695643 0.013265373 1.9945238 0.007400597 4.65376E-4
1.9944068 4.3375E-4 1.9684632 0.19815968 0.003935203
1.977916 0.040654503 1.98083 1.9106872 1.750855
1.9945954 0.90192795 1.9628221 1.9876213 1.828623
1.9710793 0.16581382 1.9849432 1.5116955 0.0075776
1.9786794 0.001773652 1.9696534 0.62615484 0.004393281
1.9299105 1.6537534 1.9947113 5.28994E-4 0.008315885
1.994633 0.3570119 1.8766611 0.24807993 1.0557734
1.994688 1.9833018 1.8438393 0.07144973 1.9833393
1.9947114 1.9341563 1.7652137 1.9131573 1.9865717
1.7589548 3.06795E-4 1.9947109 1.87265 0.50499797
0.001681824 8.58452E-5 1.9947113 0.34144223 0.08459773
1.9947114 1.9341563 1.7652137 1.9131573 1.9865717
1.9946918 1.9810284 1.9774604 0.9946266 1.9621582
1.9946669 0.2401086 1.9887978 0.007253444 0.25535578
9.46221E-5 1.9444904 1.9945246 0.001242419 1.9888572
1.9946127 2.23016E-4 0.003636328 8.12742E-5 1.6184336
1.9946057 1.975827 1.9727559 0.017278017 0.053727873
1.9945443 1.0901064 1.988334 0.06988809 1.9793615
1.9930633 0.001287638 1.9940907 1.9339652 0.17165191
1.9919778 0.4977067 1.9944656 1.994362 0.8745691
1.9898192 0.017996876 1.9946159 1.4861575 1.993474
1.9803178 0.80985475 1.9946759 0.004538021 1.8455076
1.9299105 1.6537534 1.9947113 5.28994E-4 0.008315885
Number of reads: 20058414 
Number of writes: 15241 
